1000
1 9 53
2 9 16
3 17 67
4 18 79
5 12 78
6 1 24
7 4 23
8 1 38
9 18 61
10 18 1
11 11 95
12 11 6
13 20 65
14 8 81
15 11 10
16 2 40
17 14 69
18 10 35
19 11 17
20 3 67
21 17 81
22 12 92
23 10 64
24 5 62
25 14 41
26 20 53
27 15 10
28 11 87
29 9 89
30 13 14
31 19 28
32 6 7
33 2 94
34 7 39
35 6 78
36 9 43
37 20 44
38 16 69
39 7 36
40 11 49
41 1 65
42 14 25
43 19 87
44 17 57
45 19 77
46 11 5
47 6 46
48 9 80
49 18 64
50 12 85
51 2 49
52 20 89
53 20 30
54 11 100
55 2 29
56 17 59
57 20 15
58 9 37
59 12 98
60 3 44
61 15 51
62 4 78
63 12 76
64 7 21
65 14 76
66 17 24
67 3 7
68 4 19
69 10 27
70 3 17
71 8 47
72 13 87
73 2 3
74 11 28
75 10 60
76 19 47
77 9 37
78 2 73
79 8 42
80 20 24
81 13 17
82 15 87
83 3 75
84 17 18
85 5 24
86 10 40
87 8 32
88 9 67
89 4 31
90 9 28
91 8 68
92 4 8
93 20 83
94 7 18
95 18 13
96 8 58
97 16 43
98 12 29
99 9 53
100 15 42
101 18 32
102 6 4
103 7 78
104 16 33
105 18 2
106 12 83
107 7 62
108 17 29
109 12 99
110 14 60
111 15 36
112 8 59
113 10 67
114 13 23
115 3 53
116 3 83
117 12 59
118 1 3
119 16 20
120 6 22
121 15 41
122 6 26
123 2 27
124 12 55
125 2 91
126 6 69
127 3 36
128 18 66
129 20 96
130 19 97
131 18 32
132 19 100
133 8 9
134 10 11
135 8 71
136 6 10
137 7 38
138 9 77
139 6 89
140 4 66
141 10 26
142 13 63
143 17 15
144 7 56
145 1 34
146 9 63
147 17 25
148 12 94
149 10 47
150 5 61
151 11 58
152 10 9
153 7 43
154 7 44
155 10 27
156 5 46
157 3 1
158 2 83
159 2 87
160 4 10
161 10 46
162 2 89
163 16 12
164 7 98
165 13 33
166 18 37
167 4 49
168 1 99
169 19 71
170 10 50
171 3 22
172 7 10
173 18 3
174 13 24
175 14 80
176 3 42
177 15 59
178 4 58
179 1 18
180 2 50
181 17 17
182 1 6
183 8 28
184 3 63
185 18 59
186 1 77
187 5 8
188 14 52
189 19 52
190 10 32
191 11 28
192 18 4
193 11 93
194 10 11
195 18 78
196 7 22
197 20 85
198 2 30
199 6 20
200 20 90
201 5 45
202 12 23
203 15 56
204 10 94
205 13 60
206 1 73
207 20 49
208 20 54
209 11 65
210 3 40
211 3 40
212 13 28
213 11 80
214 5 47
215 19 28
216 5 36
217 4 56
218 6 41
219 18 23
220 3 1
221 12 36
222 6 68
223 19 3
224 12 15
225 10 50
226 5 57
227 17 29
228 11 10
229 13 6
230 6 22
231 18 5
232 8 29
233 14 53
234 1 2
235 13 71
236 9 1
237 2 83
238 9 21
239 9 60
240 8 82
241 1 88
242 11 62
243 11 16
244 7 89
245 12 32
246 1 71
247 12 42
248 10 65
249 11 19
250 16 64
251 5 78
252 5 65
253 12 30
254 19 28
255 9 38
256 7 88
257 15 79
258 13 38
259 15 49
260 16 17
261 12 17
262 6 98
263 12 79
264 7 75
265 12 70
266 7 41
267 9 64
268 13 31
269 4 36
270 14 65
271 8 64
272 5 33
273 13 52
274 15 90
275 10 88
276 6 50
277 6 18
278 6 54
279 12 32
280 8 33
281 17 14
282 14 94
283 6 59
284 3 5
285 18 21
286 7 31
287 1 79
288 14 20
289 6 30
290 2 79
291 2 6
292 13 80
293 6 85
294 15 52
295 13 30
296 11 41
297 9 24
298 14 11
299 4 45
300 5 100
301 14 1
302 19 11
303 5 66
304 14 27
305 11 98
306 4 10
307 11 50
308 13 2
309 15 32
310 19 20
311 13 48
312 2 76
313 9 95
314 5 96
315 18 74
316 1 96
317 19 53
318 16 13
319 15 53
320 17 96
321 8 66
322 14 54
323 17 49
324 10 86
325 10 67
326 4 38
327 8 34
328 19 49
329 17 24
330 16 37
331 4 80
332 1 9
333 1 80
334 12 93
335 8 48
336 7 40
337 12 44
338 8 58
339 14 42
340 16 62
341 2 88
342 12 42
343 1 53
344 4 46
345 3 29
346 3 13
347 12 41
348 3 26
349 5 14
350 5 95
351 16 4
352 12 11
353 12 68
354 7 25
355 9 13
356 11 71
357 20 29
358 9 20
359 13 79
360 20 81
361 2 96
362 15 22
363 15 49
364 10 40
365 11 19
366 13 18
367 18 16
368 8 61
369 11 100
370 9 80
371 12 90
372 3 88
373 11 14
374 13 79
375 12 99
376 15 11
377 4 69
378 2 46
379 20 34
380 9 7
381 6 48
382 19 79
383 11 92
384 16 14
385 14 66
386 16 99
387 20 82
388 9 91
389 12 29
390 3 12
391 1 6
392 8 28
393 14 86
394 6 54
395 17 78
396 10 27
397 11 21
398 3 82
399 14 53
400 6 29
401 12 86
402 2 14
403 8 4
404 11 62
405 7 88
406 7 35
407 16 14
408 5 60
409 19 81
410 18 37
411 14 4
412 16 64
413 5 80
414 8 19
415 4 30
416 7 35
417 2 74
418 13 5
419 12 88
420 19 50
421 3 34
422 1 48
423 14 6
424 13 3
425 12 18
426 5 73
427 8 17
428 15 54
429 9 67
430 20 98
431 12 32
432 8 100
433 20 8
434 12 43
435 2 75
436 7 11
437 20 72
438 13 71
439 15 15
440 12 24
441 8 51
442 13 88
443 3 60
444 15 36
445 14 81
446 18 51
447 7 45
448 19 24
449 1 24
450 10 49
451 4 16
452 17 69
453 16 33
454 3 75
455 2 84
456 14 28
457 16 34
458 17 99
459 2 93
460 16 19
461 13 23
462 14 93
463 13 35
464 2 46
465 13 88
466 17 67
467 6 11
468 19 84
469 9 77
470 3 57
471 8 1
472 20 23
473 3 14
474 1 42
475 5 20
476 11 15
477 10 79
478 16 61
479 17 13
480 12 76
481 6 62
482 16 93
483 9 1
484 15 51
485 11 28
486 5 61
487 12 98
488 8 85
489 14 64
490 12 5
491 6 22
492 14 40
493 8 72
494 9 11
495 15 100
496 1 92
497 13 33
498 3 7
499 4 5
500 12 39
501 3 67
502 17 19
503 15 52
504 7 94
505 13 55
506 16 31
507 14 90
508 6 77
509 20 79
510 19 19
511 1 63
512 8 75
513 17 86
514 2 44
515 1 91
516 2 84
517 20 73
518 11 87
519 13 86
520 1 65
521 15 15
522 17 14
523 12 96
524 7 84
525 13 46
526 19 80
527 16 46
528 19 9
529 8 63
530 1 61
531 17 99
532 5 26
533 15 86
534 8 32
535 17 100
536 3 20
537 12 40
538 17 68
539 6 57
540 14 15
541 4 40
542 18 44
543 15 6
544 17 50
545 6 75
546 20 31
547 2 54
548 16 73
549 12 39
550 14 84
551 19 7
552 11 81
553 18 15
554 5 94
555 12 32
556 17 99
557 4 29
558 18 13
559 8 41
560 10 21
561 12 87
562 7 47
563 4 87
564 1 72
565 10 63
566 15 85
567 1 62
568 19 5
569 3 23
570 1 16
571 11 93
572 6 68
573 10 70
574 13 8
575 3 2
576 2 84
577 10 29
578 19 60
579 19 75
580 8 4
581 2 46
582 9 36
583 12 33
584 17 55
585 15 41
586 5 37
587 15 25
588 7 22
589 2 86
590 13 37
591 5 74
592 17 1
593 11 24
594 2 1
595 1 9
596 3 21
597 3 9
598 2 52
599 11 1
600 15 33
601 15 71
602 10 55
603 11 87
604 10 96
605 19 93
606 20 27
607 18 95
608 4 73
609 8 60
610 17 25
611 17 53
612 19 15
613 6 31
614 16 7
615 15 89
616 16 37
617 10 83
618 6 48
619 4 87
620 6 31
621 17 68
622 16 96
623 9 44
624 5 3
625 20 82
626 1 5
627 9 23
628 12 74
629 14 20
630 5 91
631 3 33
632 20 72
633 17 37
634 11 17
635 5 42
636 7 72
637 2 50
638 19 42
639 6 45
640 5 65
641 16 33
642 8 69
643 10 40
644 3 93
645 8 81
646 12 81
647 1 46
648 14 82
649 16 87
650 19 14
651 7 15
652 5 64
653 3 39
654 4 86
655 7 71
656 9 69
657 3 49
658 12 29
659 19 39
660 2 38
661 12 9
662 1 41
663 1 54
664 16 43
665 18 87
666 12 47
667 9 14
668 7 22
669 7 31
670 3 36
671 14 33
672 3 60
673 2 95
674 4 85
675 20 68
676 6 43
677 9 32
678 20 55
679 12 96
680 1 71
681 20 13
682 16 7
683 4 55
684 3 69
685 12 83
686 12 84
687 11 91
688 8 54
689 9 30
690 15 56
691 3 16
692 12 45
693 4 2
694 16 95
695 2 17
696 1 81
697 13 7
698 17 76
699 12 39
700 9 56
701 14 46
702 7 45
703 19 50
704 5 3
705 15 10
706 11 47
707 13 22
708 14 52
709 8 4
710 11 80
711 18 11
712 16 94
713 14 3
714 2 84
715 20 37
716 15 44
717 6 33
718 16 53
719 5 25
720 13 31
721 8 16
722 7 86
723 13 30
724 6 7
725 6 13
726 17 23
727 9 17
728 19 2
729 18 64
730 11 16
731 13 6
732 14 29
733 4 19
734 7 26
735 15 8
736 7 61
737 14 58
738 11 17
739 5 1
740 19 24
741 17 70
742 4 21
743 7 15
744 12 97
745 2 51
746 4 79
747 2 8
748 6 43
749 19 4
750 16 37
751 2 40
752 13 91
753 10 43
754 3 72
755 9 6
756 9 53
757 2 38
758 17 87
759 18 2
760 4 11
761 2 79
762 5 99
763 8 54
764 11 86
765 3 88
766 11 77
767 12 36
768 6 15
769 3 4
770 15 2
771 18 57
772 7 79
773 8 13
774 16 92
775 5 49
776 11 7
777 9 32
778 18 86
779 10 29
780 14 97
781 10 64
782 1 96
783 17 56
784 14 37
785 19 3
786 7 80
787 16 50
788 15 94
789 16 19
790 6 59
791 2 73
792 14 58
793 8 50
794 15 38
795 9 35
796 1 49
797 5 15
798 20 88
799 12 8
800 17 95
801 2 95
802 15 63
803 18 90
804 20 89
805 10 73
806 17 27
807 2 68
808 19 69
809 10 6
810 20 41
811 9 15
812 14 22
813 3 93
814 5 43
815 2 9
816 19 28
817 9 1
818 3 28
819 5 92
820 14 62
821 9 54
822 18 61
823 20 8
824 12 13
825 16 31
826 17 95
827 9 57
828 11 28
829 18 39
830 5 95
831 7 54
832 8 15
833 20 95
834 7 42
835 8 85
836 17 75
837 18 2
838 6 41
839 12 13
840 3 73
841 5 86
842 18 30
843 13 94
844 18 19
845 18 92
846 14 5
847 6 52
848 12 69
849 18 23
850 20 52
851 8 72
852 5 33
853 8 54
854 20 35
855 4 9
856 2 28
857 18 89
858 4 20
859 11 4
860 9 14
861 12 84
862 10 16
863 3 86
864 15 74
865 11 53
866 8 97
867 5 73
868 19 40
869 16 5
870 7 98
871 14 6
872 12 65
873 3 94
874 9 63
875 20 46
876 18 71
877 4 44
878 20 94
879 4 20
880 5 50
881 17 79
882 4 34
883 6 48
884 9 72
885 13 47
886 17 40
887 10 23
888 13 37
889 7 77
890 19 41
891 19 85
892 4 16
893 5 59
894 8 89
895 18 62
896 3 20
897 18 95
898 13 7
899 7 6
900 12 72
901 12 33
902 17 83
903 9 57
904 4 4
905 14 76
906 20 91
907 5 35
908 15 78
909 4 81
910 9 38
911 7 65
912 7 10
913 6 89
914 6 44
915 10 98
916 9 89
917 1 45
918 15 80
919 3 15
920 15 94
921 14 61
922 18 36
923 5 19
924 3 56
925 20 55
926 17 33
927 11 28
928 10 50
929 6 7
930 14 29
931 8 52
932 10 75
933 11 26
934 6 26
935 19 85
936 13 70
937 16 92
938 8 22
939 13 6
940 8 56
941 18 19
942 7 50
943 6 91
944 17 73
945 17 59
946 3 97
947 4 77
948 9 50
949 11 45
950 12 79
951 17 99
952 10 66
953 19 27
954 5 7
955 13 11
956 6 80
957 14 12
958 3 84
959 3 11
960 3 79
961 13 16
962 12 5
963 3 60
964 8 70
965 20 68
966 8 78
967 15 34
968 2 20
969 8 16
970 15 8
971 11 90
972 1 5
973 3 59
974 9 88
975 6 51
976 3 43
977 7 11
978 12 61
979 20 97
980 17 31
981 11 90
982 2 82
983 18 9
984 18 73
985 14 42
986 13 29
987 4 47
988 9 43
989 17 54
990 9 63
991 4 55
992 7 39
993 5 71
994 9 29
995 5 65
996 19 28
997 3 32
998 11 36
999 1 25
1000 4 33
