5 11 47 14 82 81 64 42 25 27 70 70 44 61 82 93 48 81 59 28 97 5 63 77 45 11 4 18 55 9 78 48 93 78 24 79 29 29 42 75 14 5 58 93 66 17 15 66 79 97 13 55 8 44 27 41 38 7 53 31 75 26 30 54 57 58 5 53 90 46 86 89 98 18 35 98 89 29 11 27 19 25 83 82 74 57 56 83 79 86 68 63 3 74 4 100 95 85 69 19 
41 24 10 93 69 20 66 50 81 51 98 15 45 26 45 45 77 50 49 95 55 38 89 13 95 37 29 17 62 80 18 66 39 23 67 58 80 45 3 84 52 37 7 27 95 10 22 54 79 1 12 56 14 77 12 21 88 3 41 30 46 12 6 93 83 64 81 9 10 80 17 81 96 6 8 14 35 2 99 26 56 81 83 70 1 26 16 36 61 89 76 54 28 63 6 69 54 69 40 97 
99 88 65 56 48 41 71 21 61 47 40 20 54 61 7 35 23 92 38 82 39 81 6 62 47 67 78 74 6 59 75 95 20 23 60 38 21 28 73 48 27 99 65 34 71 79 96 68 44 37 30 86 56 92 42 49 7 70 70 91 77 91 15 35 36 80 96 27 74 14 90 86 51 32 82 40 50 70 66 80 28 28 68 21 30 75 29 36 9 6 46 49 11 79 97 4 39 39 25 62 
11 47 69 84 13 1 82 51 40 38 36 5 32 57 76 95 53 40 83 67 76 54 25 47 34 45 22 51 17 32 85 24 13 75 64 49 51 77 79 23 40 83 64 99 7 60 69 94 59 69 56 9 64 73 48 58 48 71 1 75 19 35 98 36 38 42 25 10 35 46 71 47 90 5 40 47 66 89 49 77 66 72 40 54 53 45 7 65 1 7 41 73 88 76 74 59 60 96 45 55 
28 11 11 27 78 69 25 85 16 80 98 10 2 63 22 52 24 93 82 57 83 100 57 28 97 99 43 64 95 46 16 27 55 56 71 73 1 73 87 12 61 17 25 34 69 17 99 76 81 61 69 62 68 65 66 49 44 28 86 60 2 66 69 62 35 13 74 98 2 46 25 12 29 1 22 60 85 10 71 57 90 5 87 83 35 48 88 35 28 4 74 66 21 1 70 53 16 66 1 29 
69 84 45 99 49 78 100 45 45 82 38 49 13 1 42 33 45 28 11 75 66 17 29 39 100 24 21 84 38 11 17 28 67 84 21 39 72 13 93 84 22 9 4 28 73 69 24 27 37 81 63 49 80 72 25 79 4 73 63 26 42 64 72 67 7 4 98 92 14 55 19 78 99 27 76 35 54 81 78 58 91 51 3 96 13 58 59 25 72 90 72 12 91 85 34 91 45 70 24 75 
52 62 83 38 4 76 100 58 37 26 35 25 71 46 69 9 41 77 11 90 20 9 92 29 46 87 33 88 46 41 46 59 89 16 77 49 13 60 22 84 29 2 45 1 82 42 91 75 65 15 17 61 13 68 70 58 93 96 76 17 89 40 22 77 25 7 44 67 11 15 91 85 99 98 46 33 7 43 9 35 48 6 64 35 58 70 96 67 18 90 26 11 98 57 38 49 89 81 50 23 
93 41 62 27 9 47 27 10 43 58 1 24 82 36 62 12 7 82 88 83 65 91 68 45 6 47 91 22 68 93 13 58 36 74 25 32 85 63 100 92 60 21 42 99 87 68 1 35 24 38 39 90 4 9 38 36 92 30 9 97 14 51 2 83 58 79 38 12 83 48 93 82 48 5 79 8 12 18 98 20 86 69 9 98 5 98 59 71 80 58 24 33 71 78 9 19 57 22 66 72 
13 12 90 89 67 79 33 22 64 50 53 24 76 75 29 68 63 64 9 15 74 19 8 51 80 44 10 61 9 33 73 71 89 21 58 64 91 41 56 38 16 76 85 47 63 84 1 95 67 62 14 4 19 29 96 55 9 72 36 42 100 42 95 63 46 86 90 96 74 29 40 75 31 92 36 92 22 28 27 20 4 27 59 49 42 72 33 12 20 30 69 6 32 79 40 85 17 67 58 52 
80 74 44 10 5 74 96 72 5 99 16 18 86 45 12 35 44 28 63 10 39 71 79 68 12 3 79 75 97 8 94 69 51 7 66 10 58 82 14 74 48 94 12 15 22 51 61 21 7 13 70 98 17 61 23 84 97 41 26 53 74 1 46 95 41 26 4 36 75 92 22 91 60 35 58 63 79 61 50 8 25 7 69 76 34 49 76 88 86 87 63 67 64 22 13 13 81 26 31 35 
99 28 3 23 64 51 8 72 57 7 70 35 34 91 18 7 35 35 100 13 23 64 6 55 80 91 85 88 48 3 51 81 71 63 35 81 92 31 12 7 48 37 6 83 85 71 71 76 55 68 45 74 65 96 45 12 61 16 4 51 65 85 39 35 57 51 72 77 25 97 27 58 5 15 58 8 2 29 93 59 26 74 13 89 78 39 3 56 76 85 63 79 28 32 77 55 87 66 27 36 
18 7 45 9 43 86 14 37 93 39 12 86 41 3 58 18 45 81 7 31 52 34 9 87 85 100 79 17 53 58 32 54 71 79 62 96 74 12 14 6 7 75 96 52 55 13 88 62 51 74 22 39 49 84 12 64 57 49 98 56 5 33 39 3 33 35 9 14 35 70 17 61 70 12 80 99 84 82 33 29 34 74 48 1 51 33 90 9 43 35 54 65 57 5 52 93 27 94 24 51 
25 53 40 83 61 89 41 36 5 68 72 66 41 98 21 100 39 2 84 59 92 15 75 96 85 76 94 43 89 71 9 16 41 35 15 99 25 44 87 22 57 81 40 61 96 28 80 41 88 56 22 26 90 7 52 88 23 97 78 79 100 52 73 77 69 74 94 38 60 48 98 78 8 44 90 48 36 49 71 55 34 41 48 93 75 100 19 37 37 64 100 33 83 52 27 25 27 8 53 43 
41 37 58 47 87 61 98 93 8 10 36 60 78 59 30 89 59 47 10 36 86 57 44 82 10 87 53 9 62 95 15 92 53 47 51 30 49 56 23 8 72 89 28 68 43 85 19 13 100 98 62 61 59 40 13 38 29 1 33 68 15 38 94 37 59 46 32 82 78 65 11 78 97 36 31 80 17 83 56 74 100 71 14 15 3 57 65 56 33 42 57 67 85 88 56 76 35 98 62 56 
90 8 64 62 66 94 32 88 84 64 33 83 75 80 48 27 62 36 42 33 93 22 47 57 4 83 54 74 65 71 69 88 58 53 99 25 7 74 93 75 21 54 62 33 47 75 38 80 40 53 73 4 26 50 63 51 29 6 24 42 18 61 17 41 17 52 24 43 57 54 8 14 31 96 75 84 58 71 6 83 74 68 42 46 90 36 35 85 79 25 93 29 33 33 10 4 99 69 99 27 
99 9 74 100 19 14 23 7 19 12 2 36 55 85 85 79 27 89 98 50 2 20 6 26 98 81 83 20 29 21 68 66 61 47 59 58 76 80 44 79 91 10 82 26 7 65 89 26 53 82 51 63 42 91 28 63 14 34 13 90 94 6 62 55 83 8 3 64 26 86 64 51 81 77 40 1 15 10 32 52 62 89 71 31 100 51 41 12 24 53 76 41 75 2 2 63 50 64 77 21 
53 1 92 16 1 21 39 66 90 10 40 64 28 48 30 19 11 62 85 50 16 29 20 54 82 7 92 2 89 87 26 53 38 79 27 37 15 86 10 49 40 99 62 42 3 29 76 46 99 1 18 1 23 53 29 5 53 63 24 19 41 81 66 81 20 89 87 23 96 12 22 1 2 31 33 8 81 38 24 61 53 96 83 20 24 51 90 89 56 32 10 6 93 14 45 77 3 84 6 53 
59 39 15 67 71 40 75 20 72 42 91 31 24 92 75 44 43 78 93 62 49 88 13 97 5 90 51 40 84 62 45 48 69 39 60 11 71 44 62 82 27 8 34 85 88 11 47 12 45 21 64 69 22 58 51 61 21 42 72 91 86 9 44 72 28 17 7 92 91 42 87 71 11 38 43 39 86 27 67 9 45 2 32 46 26 81 94 80 26 68 3 78 97 87 35 24 27 43 34 90 
10 14 66 3 99 63 46 68 85 98 26 54 67 8 32 53 6 79 35 74 19 69 5 68 34 78 34 49 23 18 26 78 4 92 63 1 43 15 9 5 45 94 66 80 43 91 66 40 69 91 81 3 8 74 46 57 36 44 76 62 62 47 71 52 45 87 2 29 75 58 30 37 59 38 17 23 58 99 72 82 15 5 30 34 82 13 26 98 43 67 50 56 95 61 93 31 98 30 86 93 
40 20 15 81 78 30 28 94 35 52 59 45 76 89 100 11 4 16 53 63 20 70 32 94 18 91 52 92 90 30 76 6 25 98 70 37 14 58 67 78 43 30 39 49 41 95 92 83 86 42 66 87 62 33 86 81 7 39 43 70 10 12 20 87 95 82 71 36 44 21 90 34 65 82 96 76 29 92 30 74 49 86 78 59 89 80 24 65 19 100 3 58 41 20 82 30 61 69 100 94 
34 5 73 27 25 54 78 95 57 94 90 79 92 6 5 58 53 51 17 65 50 38 32 36 27 10 82 67 79 47 39 88 19 73 75 100 63 91 76 69 63 2 100 71 95 61 63 25 31 38 19 42 74 12 6 11 8 23 91 43 81 45 42 86 20 74 45 98 92 6 11 79 53 29 43 61 78 7 8 52 98 13 4 95 17 20 65 79 85 81 71 6 16 81 63 75 95 38 87 45 
75 73 15 72 27 37 20 70 78 100 63 94 87 96 33 1 10 21 88 29 53 21 96 43 3 13 95 72 91 78 85 68 16 6 16 78 7 7 87 21 38 60 58 91 28 60 21 43 98 71 60 73 4 96 67 87 78 27 1 48 52 54 15 35 32 75 14 53 51 32 52 20 51 11 87 12 12 87 2 10 67 31 98 78 23 77 68 41 22 77 79 32 15 11 36 28 18 90 48 46 
75 91 43 68 83 70 51 49 24 82 62 97 55 87 23 5 89 47 38 50 57 50 99 76 47 75 97 24 46 22 24 29 21 7 7 51 17 87 86 81 78 94 42 13 6 32 94 70 10 72 66 65 22 62 30 59 76 19 30 54 100 11 84 29 63 90 13 57 42 15 67 81 81 21 2 66 43 18 74 80 58 3 65 79 26 96 48 45 59 4 23 11 13 93 9 67 69 63 81 49 
28 70 3 13 5 49 22 75 34 66 26 99 30 72 97 60 99 2 33 28 11 33 48 6 88 71 14 18 65 98 51 64 90 1 7 96 83 36 2 1 59 94 51 16 18 22 46 47 8 95 29 89 44 61 64 49 46 15 21 83 77 51 83 77 20 86 61 6 69 68 93 11 43 56 53 79 76 87 18 21 70 55 55 3 35 62 85 28 18 24 48 53 20 58 92 77 55 43 17 80 
90 36 68 10 21 66 40 55 86 78 99 37 44 94 32 95 83 19 41 5 76 67 24 77 11 39 44 88 78 79 65 42 91 52 55 49 9 42 23 73 59 20 3 60 34 25 16 92 52 36 21 13 76 74 77 95 20 30 57 41 49 41 95 43 86 76 30 81 63 31 48 48 68 91 56 89 88 90 3 100 67 97 61 63 15 42 71 34 53 47 40 77 72 39 37 20 10 84 61 38 
24 81 97 25 43 48 43 37 71 66 53 23 78 34 20 36 68 3 10 51 74 58 49 43 32 48 89 72 100 100 95 87 4 71 59 36 82 67 63 87 50 29 33 87 4 31 44 91 92 54 61 53 6 44 99 28 89 76 52 20 83 96 42 73 97 47 22 68 73 4 10 32 45 84 49 41 18 52 63 58 17 85 69 13 37 35 88 59 49 63 97 75 47 96 24 15 9 52 13 69 
66 64 22 36 85 73 3 60 90 77 62 41 21 94 10 18 15 12 34 73 30 49 98 74 12 72 86 70 87 30 94 45 75 1 96 6 41 34 40 5 87 2 45 53 92 3 32 89 17 4 42 13 27 70 33 77 23 76 23 37 96 89 63 89 8 53 48 23 33 37 3 3 33 71 3 14 64 74 19 30 82 21 4 96 81 66 15 31 23 45 57 25 70 37 57 20 31 70 10 38 
90 52 10 28 53 45 14 15 15 61 22 72 74 93 31 46 10 37 96 81 44 29 22 77 63 15 80 47 10 90 37 16 51 50 79 52 62 66 8 93 68 90 3 3 22 59 89 62 44 87 60 22 19 29 75 50 71 25 8 5 69 28 7 56 4 63 31 68 36 28 34 55 24 80 84 37 80 10 28 49 59 49 66 11 39 30 60 40 65 76 84 84 26 48 42 3 46 58 90 28 
84 69 96 82 30 19 62 7 35 56 17 86 74 89 72 27 24 26 41 46 97 69 26 64 31 1 27 5 51 69 52 71 37 79 17 97 74 59 5 76 96 84 48 94 53 72 8 7 23 3 66 13 31 6 48 50 27 49 26 21 74 59 81 30 27 96 7 97 61 88 48 26 37 66 65 68 4 63 39 79 43 20 38 24 76 57 7 74 83 7 94 80 12 92 76 96 75 10 28 86 
69 54 96 97 93 58 31 41 84 56 37 94 92 25 14 4 15 20 90 87 66 67 73 89 43 32 10 46 100 88 29 7 25 9 26 22 61 92 96 57 55 17 69 93 67 9 2 48 48 97 95 34 68 41 85 93 86 40 23 87 82 18 46 13 98 33 48 25 64 24 62 31 96 5 49 43 95 18 30 65 16 51 16 14 45 58 79 11 41 74 23 12 30 64 35 63 2 42 78 17 
90 18 86 19 28 12 19 33 64 75 82 67 73 45 55 20 82 88 87 4 85 63 26 73 46 46 36 22 64 17 2 2 83 27 43 87 85 65 60 10 94 24 25 5 18 45 14 36 54 24 29 40 9 31 47 45 61 28 12 65 88 68 74 42 88 13 31 36 78 22 92 79 94 53 81 8 60 10 97 65 69 74 76 26 46 3 40 29 100 58 76 73 23 40 52 55 40 25 96 49 
96 74 35 3 71 2 24 11 21 36 18 40 28 59 21 78 38 33 59 48 17 100 64 66 96 78 62 81 39 28 76 7 6 9 80 99 94 60 15 55 68 15 19 80 26 17 8 53 11 79 96 51 63 66 64 7 11 56 68 89 78 64 57 41 20 47 21 11 57 61 69 55 10 39 86 29 87 34 37 15 1 27 49 41 10 85 16 32 21 84 8 34 44 31 47 17 30 12 56 38 
18 26 20 68 37 32 33 93 64 12 24 99 50 31 17 15 35 99 47 18 53 1 81 65 53 3 76 8 37 21 50 41 65 24 86 25 52 18 53 62 36 37 9 18 20 42 99 24 1 69 38 17 11 14 62 86 18 74 59 61 20 92 6 31 76 69 44 63 96 54 1 52 79 76 15 24 10 80 36 81 36 36 21 85 16 61 28 24 42 19 27 68 40 42 34 81 93 31 86 94 
95 58 7 4 94 77 87 76 69 92 100 86 29 22 52 52 62 13 59 68 25 94 69 91 31 24 8 22 20 56 92 37 84 51 1 85 48 3 21 6 56 96 39 62 67 37 35 29 24 6 71 93 31 39 93 99 7 16 41 7 55 42 94 85 75 54 52 81 65 72 69 23 39 7 65 26 58 100 29 58 87 8 47 32 17 73 58 39 96 99 49 12 24 35 11 37 61 17 64 5 
1 11 67 7 2 37 61 17 79 50 16 95 81 87 81 45 34 70 46 93 32 90 84 40 15 65 84 2 77 58 77 95 37 32 70 13 70 66 16 32 29 5 26 2 81 11 95 79 27 82 55 53 1 64 2 47 10 75 5 27 35 24 35 43 16 95 91 6 14 7 54 91 40 36 12 12 76 76 18 6 71 11 38 20 95 32 26 87 87 57 86 1 32 98 17 1 11 45 90 85 
51 34 35 5 68 59 14 67 92 83 49 23 70 38 35 34 16 72 21 61 17 23 91 20 67 62 8 44 89 4 19 63 8 24 55 42 2 74 87 19 43 58 58 18 52 67 6 74 86 27 52 4 1 61 39 87 24 27 28 36 10 49 78 24 89 21 13 63 53 97 13 24 49 34 79 66 78 10 95 97 28 37 16 2 34 79 36 47 63 5 65 2 30 68 90 91 46 98 46 16 
34 60 22 45 8 36 58 72 67 68 69 62 51 42 88 99 4 33 4 83 89 40 47 22 2 34 33 32 8 93 94 76 12 75 31 54 98 26 69 60 67 83 45 6 38 82 75 32 99 27 24 88 17 76 1 99 37 1 97 53 46 48 65 8 19 38 12 64 7 30 93 44 23 89 63 41 85 61 20 93 28 82 23 93 76 21 60 30 75 7 35 31 80 29 39 31 83 30 88 27 
69 70 81 67 6 92 47 14 32 83 4 1 2 100 23 7 37 83 60 30 53 2 46 57 39 78 32 26 93 73 37 70 94 40 55 59 80 90 77 17 64 84 43 61 53 66 90 73 52 2 73 12 34 56 52 57 29 94 59 29 64 81 89 94 42 95 37 9 74 90 80 83 12 32 93 40 82 81 17 16 49 82 7 75 74 52 27 67 73 45 45 99 40 76 29 74 75 55 52 60 
11 15 78 84 84 64 73 91 44 27 80 96 1 64 73 76 30 53 32 96 64 30 46 88 62 32 25 23 11 43 32 49 7 43 5 31 65 74 13 29 27 2 75 48 95 82 53 63 12 45 47 27 12 51 58 38 97 7 32 32 37 77 77 3 7 93 86 13 22 32 7 91 80 88 18 17 91 6 97 7 67 23 40 86 4 71 12 78 5 39 64 98 58 76 86 39 18 37 64 58 
27 100 88 37 78 47 80 50 66 38 94 72 96 67 31 34 73 54 74 35 79 47 47 25 53 92 69 32 76 31 5 65 37 8 60 18 93 58 82 40 71 44 32 44 33 37 27 45 94 97 82 19 70 2 30 88 46 73 32 79 9 75 55 10 51 50 26 74 90 49 100 50 38 90 74 100 37 13 53 31 87 26 77 2 90 58 17 8 41 4 88 72 42 89 87 10 9 24 96 75 
95 96 62 21 76 42 50 75 65 51 89 80 52 2 35 77 15 46 96 76 87 95 85 54 94 73 21 89 4 53 80 42 67 91 52 65 4 63 26 59 31 64 35 15 2 85 4 32 14 18 75 93 75 63 42 30 13 12 69 42 99 64 63 22 87 42 37 33 22 49 71 36 81 6 11 40 56 100 31 74 50 6 81 98 77 53 13 27 8 36 59 42 6 83 93 53 33 5 39 22 
6 96 93 11 23 50 21 28 82 5 37 3 52 90 31 40 42 75 56 66 14 26 38 100 82 65 25 31 80 20 32 99 77 32 99 16 56 21 56 31 61 21 78 45 71 34 25 39 29 6 32 86 32 47 11 37 61 66 17 73 61 75 77 37 2 81 71 38 8 21 97 68 12 73 14 9 23 87 19 90 46 23 37 88 20 9 30 76 22 74 31 91 38 6 21 87 58 3 55 86 
39 4 8 4 39 80 41 6 84 71 85 97 74 1 74 28 32 74 39 54 86 45 28 84 37 34 66 6 68 90 72 99 65 72 41 10 87 61 54 62 95 35 82 37 76 79 13 21 20 52 66 11 27 96 44 8 10 25 66 57 32 30 10 34 67 11 99 99 15 70 59 29 19 36 95 26 24 31 24 71 26 37 22 62 20 45 83 49 35 96 26 77 62 47 93 42 89 20 7 86 
91 58 58 20 84 48 20 23 3 28 88 7 56 68 12 28 25 77 49 9 58 84 74 78 83 62 84 96 97 14 78 32 96 41 28 67 83 97 13 61 76 42 49 49 45 37 88 40 79 9 85 84 79 31 90 47 94 93 80 96 25 27 6 5 20 34 45 61 95 89 46 44 15 41 91 73 54 15 58 35 29 87 72 95 64 7 74 41 43 61 82 29 64 38 75 44 70 87 24 87 
36 78 78 19 8 61 65 77 6 24 82 56 67 61 58 53 39 55 9 95 23 51 28 7 35 75 91 29 91 79 51 80 11 35 55 38 84 2 61 24 85 3 72 56 98 77 63 60 59 71 4 50 33 46 90 68 21 18 8 18 13 91 76 41 23 47 11 66 50 64 5 92 39 36 63 27 69 13 43 5 5 98 51 85 89 61 82 5 98 95 72 4 3 65 92 53 68 16 95 3 
63 47 58 21 9 27 8 100 76 79 21 74 56 98 62 93 16 46 14 69 38 46 77 26 45 46 59 65 2 93 83 56 17 15 52 41 98 25 79 15 56 21 94 39 16 46 1 34 53 48 39 2 42 100 72 26 68 10 40 9 82 78 30 78 90 96 54 5 35 96 68 22 92 46 26 63 54 66 19 43 12 78 41 36 37 95 60 88 43 34 1 12 51 19 50 57 70 23 6 92 
46 89 22 6 12 62 53 67 28 30 58 100 21 50 44 60 48 56 99 37 55 56 12 91 22 48 73 92 56 54 78 35 17 37 39 98 56 77 43 99 97 62 72 23 53 75 8 90 21 20 27 73 62 49 78 17 30 46 84 51 56 51 83 29 100 50 5 64 41 63 7 90 46 35 74 69 55 61 28 61 6 9 41 67 42 22 43 91 75 7 87 51 94 72 69 20 33 94 25 16 
62 24 87 36 53 99 27 37 24 16 2 2 43 93 57 68 43 42 19 100 81 44 5 76 70 75 52 84 58 75 23 39 28 32 97 55 25 91 17 1 31 85 68 32 66 58 43 27 95 80 53 89 73 49 52 85 29 19 19 50 7 91 10 21 22 87 54 84 66 64 46 41 92 70 95 60 73 38 50 9 8 6 99 61 98 67 54 47 95 91 27 42 6 16 52 29 76 93 45 26 
5 84 71 78 3 12 26 85 55 15 24 13 65 87 43 78 68 20 32 1 66 81 36 35 45 8 99 68 62 51 60 98 69 1 36 8 73 15 39 100 65 59 23 84 31 23 78 89 56 18 86 32 56 76 10 2 7 42 88 85 37 91 25 51 42 45 37 98 17 84 16 53 86 81 28 70 81 45 32 68 29 15 39 27 56 96 13 34 5 38 11 65 28 15 70 19 41 66 58 25 
35 85 74 79 90 81 7 62 35 87 36 83 83 85 37 51 3 25 49 16 78 36 44 71 79 85 93 62 41 58 34 72 32 24 33 11 18 35 11 93 57 44 56 21 75 15 74 72 8 15 57 87 62 24 50 36 79 31 62 33 46 35 86 64 95 63 85 100 100 7 50 98 60 81 30 63 88 73 31 37 31 14 46 48 86 2 79 4 91 15 87 8 24 24 26 32 88 4 57 91 
99 41 14 58 95 56 99 81 38 78 12 63 40 74 60 55 40 58 1 22 27 99 38 18 100 33 82 49 20 46 79 51 100 29 52 92 31 98 39 66 65 100 73 41 52 7 15 19 46 24 73 82 8 10 97 20 98 90 2 59 78 84 49 5 57 47 28 29 75 67 97 6 38 54 54 40 58 94 30 45 16 84 34 13 32 4 78 61 32 67 53 17 94 16 40 36 77 52 62 100 
19 88 23 42 56 72 18 99 62 13 59 92 25 71 18 55 46 8 98 78 84 24 93 15 44 69 56 49 68 50 25 51 95 51 3 42 44 3 78 99 49 10 92 81 77 31 3 52 39 12 44 35 57 29 60 91 17 39 41 76 67 98 10 59 48 45 26 29 89 9 70 28 10 27 58 19 4 61 95 22 45 39 10 83 87 74 83 50 12 50 74 4 65 33 29 50 37 27 84 84 
7 3 14 49 85 42 21 7 99 74 12 28 75 41 54 30 71 28 77 43 74 30 36 10 22 73 14 88 26 52 41 78 6 13 18 62 91 93 81 1 17 96 62 100 22 43 41 13 32 9 76 92 58 67 47 29 91 24 17 8 31 3 60 40 27 84 9 80 55 58 9 48 74 5 43 14 52 27 71 88 23 18 98 61 64 54 95 90 83 1 74 23 9 34 11 58 1 74 68 87 
17 8 10 52 15 28 2 20 80 46 80 2 22 76 20 87 72 45 72 40 74 39 44 85 28 64 32 39 56 92 27 6 30 46 97 11 42 5 38 3 63 84 75 96 75 45 66 18 71 93 5 88 1 20 36 85 70 9 32 88 17 27 74 70 53 46 47 42 94 91 72 98 39 58 66 98 82 43 84 69 64 55 28 98 27 75 50 23 93 85 86 92 31 22 49 51 62 75 43 56 
28 28 12 2 87 82 99 95 9 32 6 69 63 81 39 93 12 52 34 76 32 71 44 35 46 28 75 96 9 37 40 19 38 71 86 66 99 38 23 63 82 26 19 49 93 89 11 18 44 47 60 56 72 50 24 91 35 51 70 25 91 32 57 23 7 56 37 36 16 4 90 7 88 20 28 18 57 29 16 8 72 72 83 50 4 67 12 22 64 46 28 31 83 92 55 17 48 3 2 40 
49 26 23 15 12 58 25 91 35 87 33 92 39 19 80 91 32 67 98 48 68 45 70 86 6 17 62 41 36 80 34 11 62 51 80 6 29 100 58 89 20 73 8 21 50 32 47 78 40 94 43 82 68 68 68 97 23 72 10 54 39 40 2 21 23 18 55 85 43 22 23 76 15 5 23 36 71 71 68 24 21 56 42 24 18 47 81 13 10 19 67 80 89 45 69 17 85 5 49 15 
58 48 71 55 68 94 99 36 33 9 79 13 14 98 65 1 65 98 19 58 55 87 4 97 11 80 46 56 8 87 94 53 99 50 76 34 40 52 60 78 89 68 99 36 3 90 78 61 18 85 48 30 91 73 30 3 24 9 32 97 98 36 62 75 25 20 28 35 69 23 97 42 25 89 74 57 17 42 54 14 47 56 53 100 61 67 89 26 44 13 12 45 73 60 60 84 53 26 4 47 
38 83 8 31 52 25 62 86 95 24 5 21 87 39 70 14 53 99 93 83 16 18 58 76 60 95 33 40 62 92 35 37 40 8 55 42 78 46 48 32 21 74 7 41 27 14 22 25 36 55 62 45 75 70 94 5 35 45 62 60 92 51 7 11 17 6 43 58 72 38 31 86 60 94 75 16 25 6 91 92 21 97 15 45 21 96 100 24 83 14 28 52 47 89 22 81 16 17 44 24 
97 36 69 5 19 22 30 50 96 25 3 16 28 80 42 71 51 71 71 98 99 3 86 79 56 39 37 4 1 46 98 71 45 55 32 64 14 57 25 4 84 29 43 72 61 92 37 66 84 21 61 35 28 78 27 66 78 18 96 8 45 63 16 92 68 97 49 33 14 67 86 62 98 60 47 9 65 85 61 35 4 53 4 78 84 40 42 57 33 56 63 60 67 73 15 67 83 9 36 32 
89 84 73 31 1 72 38 14 31 14 81 69 91 87 61 16 37 22 28 22 70 71 18 5 63 45 11 35 97 87 57 50 98 72 52 44 25 71 94 20 28 97 35 21 18 31 71 8 27 18 17 24 64 22 32 58 74 13 92 25 15 11 68 19 34 95 21 56 59 79 41 63 35 53 61 31 20 37 68 23 40 62 45 45 19 57 62 44 19 79 82 24 68 77 40 10 43 17 54 48 
21 99 32 86 12 31 32 98 26 9 34 37 10 12 52 94 35 67 16 94 30 74 9 41 52 61 2 4 12 98 89 23 26 47 99 10 27 45 64 10 95 63 38 33 81 98 45 38 73 30 22 81 48 29 68 11 19 23 99 85 73 98 2 10 79 27 34 90 97 44 69 80 11 3 36 100 39 47 69 34 88 41 96 85 28 10 92 27 22 71 28 79 39 77 75 61 86 87 9 63 
13 8 67 80 54 77 72 1 18 83 72 93 97 4 73 89 34 80 53 36 72 98 80 57 97 96 59 51 10 95 87 68 80 82 77 69 37 85 42 9 97 65 74 56 11 43 75 57 43 31 23 80 74 42 90 93 48 41 69 13 76 95 49 18 12 12 60 68 59 40 25 35 33 83 27 50 70 66 8 23 41 27 78 20 94 92 49 68 2 6 98 38 38 55 63 68 39 40 8 17 
88 4 58 32 57 92 90 60 42 26 69 60 99 92 29 78 30 85 6 37 17 77 38 39 47 83 17 16 65 76 53 14 49 59 97 27 17 16 57 98 56 25 37 87 90 86 62 66 74 43 57 32 97 76 17 55 76 12 19 95 72 62 95 86 65 63 50 85 69 40 58 95 71 52 14 58 40 1 91 51 8 100 54 59 16 21 66 83 99 48 28 51 90 4 37 11 16 62 45 50 
82 82 26 44 71 40 18 69 80 57 40 62 82 7 100 92 36 34 22 75 15 52 57 32 58 76 21 30 15 15 61 1 35 63 65 24 37 39 26 61 90 46 3 47 67 99 57 19 56 98 90 74 52 33 42 65 61 81 21 2 33 93 35 95 89 99 82 44 44 51 62 78 95 89 39 81 4 58 31 97 61 29 43 80 99 13 35 47 94 59 18 48 38 58 19 27 42 7 19 63 
28 22 74 71 94 72 79 92 88 15 87 62 6 11 60 86 39 34 76 18 97 78 95 43 59 13 21 70 80 33 90 70 22 50 94 1 68 13 24 73 11 50 44 53 95 24 24 8 20 51 25 25 91 74 38 56 50 46 69 31 27 95 76 9 85 81 41 99 7 98 46 36 62 27 4 50 76 48 82 49 46 31 25 20 38 79 1 10 34 97 43 31 53 71 96 47 37 45 88 42 
49 77 53 48 23 90 57 11 10 63 55 42 22 32 45 32 80 29 46 22 20 82 6 62 40 39 8 45 95 85 63 77 73 32 52 38 5 67 81 29 68 81 3 7 76 53 69 29 5 88 98 64 50 5 15 55 83 78 35 82 70 61 74 25 40 81 61 89 77 34 38 43 99 78 18 55 98 46 37 54 8 88 92 63 59 82 74 50 19 63 4 99 98 81 89 50 85 67 26 78 
9 83 9 27 97 30 96 86 10 11 72 24 1 26 95 44 47 82 11 97 99 4 84 95 15 5 59 55 24 6 68 37 28 54 97 33 1 82 4 61 59 64 88 26 36 28 10 46 71 51 1 13 15 76 39 23 82 37 22 16 18 74 79 21 22 72 60 54 60 36 44 64 86 1 15 61 82 59 15 42 50 86 82 65 44 19 76 62 90 69 36 19 70 50 14 10 44 7 72 54 
4 70 90 66 29 38 38 33 46 44 52 87 69 4 100 51 33 5 1 13 88 37 46 89 96 77 7 9 5 81 26 40 72 86 83 68 54 35 93 53 52 41 33 34 34 63 64 83 78 38 92 4 90 62 47 25 24 64 20 14 45 64 74 25 16 58 2 21 21 73 39 42 33 12 80 87 87 77 98 10 55 58 30 18 3 78 93 33 95 84 22 76 69 42 48 96 32 52 65 74 
17 10 54 91 32 44 44 45 24 4 45 92 81 97 31 64 96 6 86 93 24 77 21 4 4 49 71 14 61 6 54 63 26 55 100 37 9 60 80 28 7 22 39 92 19 60 83 37 67 79 83 94 7 83 89 66 10 3 17 50 55 55 58 79 24 69 62 19 29 18 85 17 26 54 94 50 45 13 74 94 7 11 28 96 53 7 5 85 72 35 12 77 12 31 69 75 20 91 8 86 
70 69 19 80 96 8 51 12 12 21 31 82 68 4 17 70 77 51 51 41 73 93 37 47 6 66 15 58 13 76 62 61 95 33 50 9 98 39 98 32 83 85 83 70 35 68 66 57 44 84 77 7 21 9 28 83 92 92 60 60 31 30 67 41 33 30 45 22 71 53 47 2 34 67 98 54 46 37 78 40 92 75 72 47 20 95 68 50 67 73 71 39 66 76 84 30 34 76 45 62 
15 69 25 27 54 65 76 49 44 86 74 12 79 90 91 80 3 79 67 19 42 5 85 73 35 13 65 3 57 55 27 59 62 59 86 78 74 73 56 31 90 11 66 4 32 31 64 15 97 5 51 3 69 16 78 98 86 63 78 49 71 83 33 1 1 40 64 8 70 21 48 2 82 56 82 53 28 93 17 87 23 33 97 21 16 66 58 79 25 25 11 91 22 73 79 38 87 78 16 73 
99 100 62 15 39 77 70 39 54 8 56 89 32 71 41 66 28 15 5 32 90 51 72 62 40 39 19 3 65 58 50 36 92 70 47 53 14 50 29 17 74 39 11 37 100 43 67 41 24 56 2 32 12 5 56 37 93 26 3 27 45 44 29 70 61 87 55 86 82 99 53 11 33 80 26 34 3 58 46 87 40 43 3 47 48 3 12 29 31 15 61 91 97 85 34 50 62 11 74 42 
19 96 44 59 18 26 75 12 6 34 7 52 89 2 30 35 20 73 40 93 48 12 83 42 53 43 38 33 64 30 59 74 57 61 67 66 29 5 5 61 72 13 58 27 90 87 8 41 10 96 96 26 16 95 2 42 71 64 91 75 78 64 40 26 61 66 33 19 42 5 31 22 25 45 67 73 15 52 100 40 94 98 52 96 49 6 49 83 41 42 2 79 61 1 47 97 54 64 80 36 
82 55 38 66 18 100 50 29 9 51 72 58 11 92 3 46 13 51 98 46 79 23 34 17 48 61 45 44 88 21 58 17 48 41 82 18 98 96 79 40 95 70 58 15 61 3 30 29 80 37 87 35 95 29 69 6 19 28 5 82 12 54 44 99 53 88 54 29 37 67 45 90 9 60 31 88 4 37 65 32 64 68 93 13 95 70 5 34 66 86 69 52 65 100 94 94 19 48 16 5 
7 28 93 6 67 69 31 13 29 56 96 92 31 47 96 65 78 37 31 32 26 20 43 81 19 69 92 21 16 10 66 78 73 11 51 20 58 49 70 45 55 62 95 45 88 80 12 34 9 34 55 1 78 8 76 90 71 27 2 5 56 92 37 37 27 64 39 41 22 12 28 69 26 45 22 38 20 34 92 89 43 17 69 21 50 68 16 23 16 89 75 81 97 12 1 62 55 15 93 49 
5 6 56 56 82 76 88 91 90 77 62 85 64 90 52 75 11 78 83 15 38 47 20 22 9 20 66 20 75 76 68 67 1 11 43 3 60 74 62 33 74 41 44 39 21 73 41 23 44 16 97 58 90 80 61 75 40 34 76 8 62 7 9 88 13 71 77 97 55 9 60 32 92 27 67 91 84 66 53 30 9 29 85 33 79 14 78 65 12 1 74 73 88 52 12 51 25 30 86 83 
60 64 22 63 41 97 99 68 59 21 93 36 11 56 9 16 13 92 3 20 67 100 81 28 22 3 25 65 30 32 34 97 26 7 39 11 64 48 71 27 10 38 24 56 65 43 99 35 24 6 51 43 16 13 81 37 23 100 52 82 35 18 52 62 1 86 57 63 81 45 25 75 28 66 21 11 35 97 23 12 9 60 32 10 88 51 66 87 48 100 48 93 57 94 45 31 61 65 6 52 
61 78 31 17 65 67 19 96 25 58 87 26 23 78 32 75 54 90 60 94 79 41 55 62 22 34 18 75 43 93 39 50 11 44 70 44 5 23 35 80 20 98 98 11 51 65 100 27 30 42 58 64 66 13 35 30 40 44 12 95 46 96 92 68 55 36 22 5 25 28 9 38 83 89 99 96 3 7 63 1 76 47 61 54 81 82 69 45 26 94 42 42 63 87 56 27 58 77 70 8 
28 96 65 24 19 35 71 96 57 73 75 35 33 81 37 87 90 38 24 58 45 54 55 97 48 94 9 50 67 90 36 48 14 49 47 59 83 4 98 51 49 84 70 9 84 17 58 68 27 79 26 34 36 26 70 64 19 26 81 42 70 1 42 49 44 1 86 9 35 33 100 95 6 2 73 80 58 93 32 68 16 91 77 73 19 13 8 2 88 5 21 74 68 29 81 89 72 75 68 82 
51 20 100 50 87 49 96 40 61 46 39 9 43 5 74 50 59 79 61 27 57 77 1 31 8 62 17 37 85 42 95 53 84 34 24 92 15 51 99 92 79 49 90 39 54 69 65 49 31 92 25 16 64 92 77 100 46 20 82 20 92 96 92 79 33 72 2 62 67 94 34 13 8 36 38 63 28 14 82 27 19 48 27 33 69 28 56 46 18 55 79 20 35 4 2 87 38 64 99 51 
57 36 68 86 54 8 3 45 34 86 45 16 91 79 5 69 30 68 35 5 5 83 14 13 81 90 23 78 56 76 19 80 21 59 58 36 39 66 45 36 39 12 29 87 88 13 61 69 97 84 98 88 66 56 61 32 27 22 69 60 50 35 97 21 57 90 80 26 95 9 87 81 67 73 92 21 33 46 68 37 85 59 81 47 2 54 1 65 64 52 13 84 64 100 47 9 27 73 30 29 
92 36 63 48 42 59 48 1 59 70 6 36 3 63 4 8 95 61 14 91 44 81 75 39 87 1 43 33 18 64 88 25 56 77 71 27 49 11 29 56 40 13 51 82 18 79 75 37 39 53 19 46 47 91 99 56 85 29 2 40 83 39 57 33 50 95 80 69 95 89 89 54 34 68 22 52 94 39 25 74 70 47 38 28 50 15 81 72 37 8 76 67 65 22 59 45 83 18 98 80 
56 98 31 2 9 89 4 14 59 24 99 100 39 17 93 87 56 33 68 66 96 62 17 78 36 85 68 67 78 74 100 57 33 60 50 16 8 34 53 55 66 64 33 70 70 9 81 63 29 10 29 91 100 47 16 24 100 48 77 36 67 55 100 19 21 80 55 86 87 57 29 92 62 4 15 13 71 97 98 57 30 56 88 6 92 51 2 13 18 84 1 39 94 89 12 78 76 79 46 41 
50 48 28 97 60 40 85 65 58 91 43 60 14 1 85 12 65 94 39 83 81 43 42 62 16 64 21 72 19 24 7 20 41 25 14 96 62 17 38 1 92 98 58 85 29 20 48 17 17 96 59 87 9 94 86 37 100 4 51 91 29 34 9 65 53 42 22 44 70 25 19 42 81 89 77 4 88 72 24 36 98 41 34 76 47 22 74 1 91 66 58 19 14 75 46 64 86 82 57 51 
12 73 96 43 39 70 81 12 94 67 14 90 32 14 36 19 6 57 98 66 11 36 37 97 11 98 24 42 22 61 95 18 6 86 89 37 100 12 14 62 83 60 74 10 54 65 40 51 54 85 6 51 98 35 22 56 51 67 76 99 87 63 80 36 42 3 38 64 67 51 60 97 47 59 76 33 80 7 59 54 56 32 30 81 96 84 79 86 26 93 53 42 16 36 91 54 96 79 35 35 
29 55 71 50 47 16 48 34 34 57 45 72 7 80 21 59 63 97 77 96 56 42 25 51 58 92 82 11 74 84 27 38 81 60 70 81 66 71 70 34 89 25 82 10 91 92 88 22 37 60 91 60 26 25 15 84 39 79 39 36 46 73 11 34 99 30 14 37 17 76 73 25 91 93 58 24 61 44 23 21 98 23 67 2 11 70 98 66 98 73 51 52 75 46 75 27 67 65 35 22 
7 31 46 38 71 36 100 29 91 96 2 77 36 100 83 42 84 86 39 72 16 86 14 68 86 23 23 56 54 97 61 69 72 88 61 13 62 65 33 34 56 56 61 54 57 38 56 87 44 63 86 40 55 95 55 88 98 68 14 74 99 23 95 98 76 15 10 100 18 90 93 2 53 84 47 19 8 17 7 69 19 78 42 58 54 6 76 3 91 65 26 100 58 69 11 84 80 93 72 16 
98 50 12 86 80 84 2 84 18 49 89 13 65 51 29 83 61 28 79 29 9 10 89 3 96 65 79 64 67 84 81 60 11 21 62 34 92 48 16 3 90 10 65 63 67 59 57 15 41 34 37 8 21 19 24 19 24 5 80 30 21 37 19 65 4 7 82 45 6 12 66 29 40 12 29 26 4 84 19 25 65 94 26 70 94 20 99 59 30 47 26 64 19 81 27 10 41 80 18 47 
36 96 15 33 96 95 15 27 48 100 31 94 85 50 90 35 53 57 73 12 15 17 69 73 32 58 97 77 62 76 84 57 56 5 85 17 31 67 89 21 72 57 29 9 98 1 12 52 20 27 56 69 90 5 28 23 92 98 4 59 20 68 29 83 70 21 74 65 28 36 24 49 35 25 64 99 11 50 46 88 45 100 78 30 11 66 60 99 60 76 82 51 10 54 73 56 4 45 43 62 
84 6 63 46 65 87 82 31 76 99 10 4 8 74 56 73 79 23 93 16 91 47 13 61 9 35 7 97 20 62 68 72 37 50 16 1 47 75 73 82 89 15 97 52 43 51 94 44 41 30 55 7 37 89 70 3 67 11 56 22 38 34 77 62 74 2 97 30 27 68 86 4 95 62 35 39 88 25 16 99 53 6 46 67 75 89 41 26 18 15 17 98 4 11 22 9 56 68 59 36 
52 68 21 16 45 40 87 30 39 30 61 35 51 71 70 13 79 51 6 97 70 77 56 85 28 88 70 96 93 78 54 83 23 18 65 87 72 45 23 80 50 24 94 24 16 73 30 52 20 31 92 46 77 27 41 72 50 77 78 48 35 38 42 93 6 14 92 52 19 41 45 38 75 42 31 41 71 64 3 85 55 97 17 49 37 60 78 63 100 37 22 28 49 42 15 71 96 32 60 60 
6 20 26 7 25 36 8 38 89 61 1 32 14 69 51 91 94 3 9 61 40 82 98 77 8 92 36 24 46 1 50 94 65 78 46 48 45 74 13 77 49 74 72 72 12 79 83 28 70 50 80 19 57 35 86 7 2 51 6 74 74 59 62 83 9 8 48 81 2 72 54 88 11 20 36 78 65 12 89 55 31 28 37 20 4 4 21 37 27 47 61 69 58 67 80 94 93 32 50 13 
92 62 26 79 11 75 44 9 50 98 96 13 56 93 1 1 23 13 61 27 93 43 73 18 70 29 43 36 49 11 6 77 43 92 10 63 34 88 57 18 34 18 90 45 34 69 55 58 89 34 44 46 90 33 54 49 12 2 76 25 58 2 69 32 76 26 42 63 7 65 35 12 18 5 37 72 64 80 29 42 3 88 99 70 49 44 47 17 78 56 27 48 75 55 35 91 6 44 42 8 
66 84 42 60 60 1 26 86 94 78 45 29 27 45 73 15 83 1 37 35 96 13 92 70 100 64 64 25 42 39 18 34 64 19 46 82 82 4 33 54 12 19 4 20 52 90 100 68 78 94 40 2 12 39 23 62 82 44 87 99 54 89 29 16 60 12 82 29 68 20 49 16 23 87 38 7 98 28 34 61 4 80 80 79 12 88 92 69 44 50 10 97 12 19 24 7 62 34 91 1 
60 11 60 89 38 2 51 37 10 73 16 31 5 15 81 17 68 59 54 74 54 64 67 62 76 6 35 30 54 57 18 31 64 84 64 61 49 49 14 15 99 59 38 26 72 87 70 21 82 68 90 6 61 73 67 30 100 72 82 50 65 85 73 71 15 63 82 95 93 74 41 72 65 68 48 93 73 49 81 59 20 78 28 29 56 89 90 91 70 91 73 75 2 21 40 97 74 20 54 96 
17 62 6 93 77 30 78 28 88 87 80 82 41 39 52 86 75 96 47 94 98 18 32 16 18 67 41 7 32 10 76 72 14 26 30 58 58 23 47 33 74 87 4 6 34 46 34 22 34 6 60 46 90 56 6 61 44 59 26 64 73 71 91 10 86 13 61 98 64 13 28 46 34 63 29 33 78 43 29 28 94 99 11 76 48 59 28 71 20 27 92 78 9 23 36 34 51 34 90 42 
76 75 13 47 48 33 62 56 53 58 46 65 90 19 93 71 35 30 82 82 98 72 67 25 17 32 96 45 68 67 11 69 72 69 14 61 44 12 21 94 95 35 17 36 7 78 34 77 44 85 8 1 47 90 47 67 64 51 9 15 10 23 14 88 59 3 31 84 23 48 52 21 73 99 90 18 3 85 61 94 94 92 29 45 6 13 36 89 15 12 35 91 92 9 68 62 34 37 47 51 
37 84 76 69 14 88 33 63 20 14 44 16 97 31 27 5 64 2 37 38 28 31 20 62 42 35 73 80 95 43 36 6 8 34 17 63 6 95 37 62 74 6 49 92 97 2 64 46 19 19 59 15 57 5 30 23 33 40 33 17 29 77 20 34 78 9 66 15 70 25 44 79 91 70 17 28 31 85 25 72 17 58 46 11 18 80 50 43 15 64 55 46 56 43 44 95 94 85 21 28 
49 64 80 55 81 40 24 24 98 8 14 94 78 9 78 44 85 54 84 97 19 43 84 59 21 62 39 53 85 38 12 67 83 18 30 70 28 58 14 68 59 84 22 64 36 66 7 86 32 1 92 38 50 17 1 71 67 36 23 47 89 8 76 47 77 69 25 11 26 91 38 71 32 39 27 80 69 19 52 34 91 51 50 90 94 55 56 59 27 50 66 25 24 36 85 13 26 55 23 7 
17 42 14 69 3 82 91 71 32 90 3 12 88 79 57 16 82 23 33 18 31 73 25 8 54 92 79 64 22 91 30 94 89 45 28 23 84 38 99 48 30 2 54 95 13 8 99 57 54 22 26 73 5 51 44 92 82 49 37 25 50 76 39 11 36 35 41 17 77 49 87 25 38 75 34 56 17 48 42 24 63 21 93 35 5 18 51 12 96 44 8 44 93 60 34 10 68 44 44 26 

20 37 79 90 16 61 10 18 45 86 15 6 8 82 95 9 9 88 98 76 56 11 9 92 27 38 79 16 4 68 39 15 73 73 82 76 65 80 84 2 4 94 57 62 97 70 100 55 27 23 84 2 7 88 25 98 21 58 30 93 45 39 24 7 94 12 61 51 31 48 94 79 94 92 34 61 51 50 76 24 98 70 2 48 32 5 51 49 41 80 90 44 97 53 5 15 33 24 64 94 
8 49 17 50 80 84 96 79 69 49 63 57 87 21 60 78 63 64 78 22 49 16 89 50 19 38 52 42 5 60 27 89 64 99 65 3 84 22 44 31 27 62 68 89 89 20 86 97 9 28 69 84 33 58 5 30 72 54 77 85 19 56 6 30 82 46 54 17 60 38 70 73 82 15 4 41 24 27 96 52 56 28 93 28 8 15 70 45 38 94 62 28 42 60 41 14 54 3 100 97 
56 84 50 39 65 67 52 28 77 14 57 29 71 62 18 69 54 77 38 63 68 16 22 46 38 40 27 84 16 80 58 70 47 25 44 62 88 10 29 87 26 73 59 21 63 89 84 80 75 85 48 91 66 45 8 40 35 8 81 86 53 58 53 21 69 75 35 25 7 100 58 81 77 76 8 98 86 73 35 25 40 60 23 77 9 38 45 65 86 28 35 8 56 14 13 25 54 96 92 78 
23 61 62 27 66 11 33 68 7 70 14 91 12 40 44 47 20 81 25 38 38 81 45 47 33 54 2 83 95 34 3 81 47 45 68 5 88 82 81 79 71 8 7 91 47 47 75 94 67 32 76 62 3 93 51 71 33 56 20 51 15 19 76 35 40 8 41 78 67 74 54 53 32 11 96 24 98 79 100 25 31 74 97 34 86 41 80 23 83 27 38 8 94 57 75 80 33 2 13 71 
55 21 70 57 93 35 38 51 12 58 58 49 67 26 57 5 86 54 45 56 91 70 62 94 44 78 43 67 74 79 56 67 1 76 70 93 63 37 56 23 29 83 75 21 79 42 61 20 64 70 83 25 74 27 2 39 38 21 17 49 55 56 41 71 44 4 50 74 100 35 48 13 86 69 57 31 47 37 83 47 74 15 75 31 94 33 39 60 44 77 86 89 45 83 46 46 88 19 86 83 
7 18 76 53 82 82 73 47 64 59 67 77 38 27 32 46 26 92 21 100 88 84 87 92 91 74 17 45 66 87 14 48 96 39 9 30 41 1 3 75 33 92 63 91 31 96 45 49 55 72 99 61 96 33 83 33 21 11 35 12 37 19 17 71 92 80 51 57 19 90 86 96 3 80 53 96 62 93 61 60 79 41 66 67 83 92 53 1 4 40 88 14 21 11 4 90 98 95 10 5 
97 93 12 100 65 71 59 21 98 69 77 8 37 99 79 99 98 49 64 83 23 39 95 11 34 74 31 53 26 99 93 35 86 38 55 15 23 9 3 22 35 94 13 29 85 78 32 65 47 4 33 17 38 54 18 53 89 2 46 17 37 71 18 62 91 1 80 45 29 38 45 42 34 87 41 62 20 75 57 92 69 42 4 72 86 28 83 77 21 2 81 77 33 61 99 63 78 75 71 32 
76 35 51 81 46 12 20 60 85 88 92 68 57 29 33 98 18 68 23 50 67 34 51 71 65 80 89 69 9 66 59 95 3 74 51 68 83 53 28 78 1 10 71 71 73 14 99 15 62 84 38 58 86 70 98 8 90 8 12 37 8 63 6 92 26 96 51 19 25 74 63 49 98 74 72 3 68 30 36 19 90 83 99 13 2 98 44 38 82 89 27 83 90 75 82 88 42 74 21 73 
73 24 42 9 90 34 37 88 26 19 62 76 55 69 16 84 67 59 34 57 56 31 64 6 3 52 84 22 22 46 38 95 26 61 37 37 65 88 46 11 56 46 14 1 16 14 63 31 26 71 99 61 41 78 21 39 19 100 28 43 18 18 13 40 44 66 71 85 53 90 53 43 29 88 52 40 82 90 89 5 86 3 25 56 40 70 99 65 43 5 82 2 95 25 64 53 16 31 90 83 
36 34 41 17 77 40 19 53 71 98 78 79 51 8 78 57 5 47 6 93 33 33 65 96 24 70 73 6 25 69 88 28 2 7 69 53 29 9 49 6 82 40 50 84 18 84 20 18 32 82 14 58 88 2 55 92 25 87 97 22 16 34 50 31 85 65 30 30 40 89 56 68 52 17 93 77 10 85 56 68 94 45 70 17 21 78 42 67 31 75 60 21 59 36 80 6 99 27 20 17 
94 51 45 54 71 62 34 69 15 37 53 42 10 73 88 50 50 76 43 5 81 2 90 45 24 29 34 41 67 15 39 41 3 19 76 17 34 5 70 65 82 26 94 48 8 3 18 64 50 92 90 61 63 32 51 23 38 87 87 1 58 80 54 19 40 97 89 52 53 80 33 93 86 10 78 72 97 1 49 20 94 6 70 35 41 61 10 14 94 97 36 22 18 6 75 27 40 73 15 93 
13 81 59 36 99 39 30 4 96 69 5 37 77 14 57 65 60 85 72 63 7 95 30 15 42 9 40 28 100 83 72 16 13 38 20 70 18 4 27 40 37 5 77 96 95 24 77 28 39 100 77 9 25 32 70 32 95 6 30 78 43 79 62 2 65 77 91 60 74 17 62 89 61 43 98 60 36 32 11 79 79 66 69 78 57 10 47 67 63 11 92 90 21 61 74 11 21 28 17 98 
51 34 18 94 55 78 1 90 17 78 23 12 22 76 28 22 37 80 36 17 69 69 80 36 50 45 84 70 18 46 46 96 69 99 29 77 51 74 88 70 49 87 33 59 58 20 1 19 32 6 28 57 17 61 12 75 39 32 55 52 32 59 30 24 73 68 85 63 25 91 99 35 5 65 12 97 23 91 78 98 99 5 8 1 92 29 82 28 23 68 69 36 17 55 57 81 2 45 60 22 
34 25 44 85 19 33 21 42 91 78 13 53 92 3 44 37 53 86 16 67 34 82 28 7 43 90 50 49 25 86 47 62 41 36 2 41 53 32 37 81 88 35 99 64 94 81 88 94 72 9 79 26 1 87 53 25 89 52 71 41 69 96 93 31 27 80 88 47 67 12 25 47 50 52 63 71 13 35 16 76 98 69 2 64 75 45 52 57 11 29 82 20 26 25 36 19 79 17 87 70 
75 11 4 7 19 80 7 33 90 42 87 90 94 41 27 59 40 66 88 43 78 41 52 78 16 74 26 25 65 71 23 7 27 12 45 10 89 38 29 70 24 60 50 89 100 99 24 84 9 41 75 100 37 4 48 33 84 64 5 51 29 62 51 38 98 14 71 71 96 80 38 27 7 30 38 64 65 14 70 34 85 46 79 84 13 71 80 54 41 25 98 10 96 79 37 38 57 71 27 51 
50 53 6 72 64 13 68 80 20 90 45 94 36 36 89 22 40 56 90 72 55 39 20 53 1 8 75 71 35 10 77 18 49 73 45 28 78 44 83 8 5 63 65 75 91 53 77 19 68 9 24 73 91 36 70 40 56 2 34 26 24 79 5 75 24 56 71 44 29 14 42 65 72 69 49 10 4 52 7 18 57 44 96 33 43 98 67 73 54 14 18 83 13 42 15 75 28 82 31 27 
90 93 56 35 86 8 87 58 98 1 54 40 9 7 26 89 98 52 84 90 62 91 35 45 16 43 62 1 83 63 14 74 28 68 58 13 86 80 37 100 50 20 55 41 6 44 4 33 5 10 14 39 96 84 61 37 12 42 23 54 31 43 12 36 75 7 36 68 61 85 28 8 34 13 95 88 76 65 88 12 74 96 66 45 81 43 43 46 70 83 62 33 52 2 17 94 88 62 58 75 
41 19 92 13 53 28 80 22 57 49 40 35 12 54 75 35 20 79 98 13 92 58 27 83 41 81 25 84 53 65 19 51 36 46 96 68 3 34 70 54 31 68 58 97 52 8 91 47 61 40 14 2 73 8 22 55 2 54 3 61 85 32 29 19 34 95 46 84 13 77 43 9 61 65 75 55 89 66 88 22 32 37 11 72 33 55 34 42 87 31 89 78 25 95 86 44 34 28 16 62 
66 90 65 78 20 82 30 85 11 48 88 82 6 80 17 67 61 72 73 8 25 82 53 74 79 34 75 30 12 71 51 61 47 86 21 34 23 22 65 90 38 26 4 83 62 48 27 60 32 48 33 92 87 81 4 14 10 77 68 56 56 50 63 98 30 59 84 52 34 25 22 30 83 56 63 25 97 81 74 79 22 49 31 75 25 98 89 85 78 36 20 74 34 91 71 81 53 55 43 49 
93 28 50 23 17 71 87 78 50 20 27 7 32 65 98 44 4 71 58 68 8 72 77 46 91 49 29 37 51 100 45 17 53 65 65 74 12 57 78 61 37 39 55 57 25 95 60 60 63 34 93 98 79 27 1 37 51 15 59 90 49 36 20 19 9 73 87 50 65 15 26 92 54 43 69 61 61 54 55 27 54 89 83 36 71 27 9 58 80 43 54 17 38 90 86 28 70 84 71 72 
67 94 40 31 74 36 48 42 93 12 13 52 41 35 88 98 89 78 73 55 24 88 46 90 34 34 81 91 22 67 47 87 70 24 19 52 16 23 71 48 100 16 43 51 1 72 68 27 68 70 81 84 6 70 99 1 82 56 94 61 63 52 9 65 59 55 10 92 76 6 23 52 26 62 84 17 53 32 55 88 36 41 8 42 99 73 16 100 57 64 68 33 69 37 22 66 73 50 84 6 
63 19 92 50 75 62 87 14 62 43 80 36 50 13 19 100 46 81 3 62 91 42 69 40 26 52 22 75 84 85 62 47 28 28 2 93 80 80 59 45 71 37 84 52 29 21 63 4 39 78 2 17 48 94 79 94 68 59 48 68 61 23 57 50 3 3 12 94 100 24 26 59 100 6 71 40 85 85 5 35 82 80 26 57 89 40 67 74 38 85 10 76 27 6 58 53 97 71 88 20 
24 22 2 39 17 47 53 27 27 5 72 88 24 99 55 60 61 12 57 4 57 89 18 24 6 61 52 100 29 31 60 28 2 82 51 14 31 18 10 65 57 65 71 96 56 52 8 63 17 26 57 18 24 33 21 23 14 28 5 12 31 81 1 2 13 97 95 84 65 76 57 63 42 97 29 98 50 49 7 61 27 50 31 49 19 72 3 14 64 63 7 85 47 80 83 81 94 69 37 92 
19 14 15 89 3 81 27 76 55 68 42 39 65 97 58 80 31 66 20 25 95 6 64 18 66 56 13 61 15 23 4 18 6 86 72 66 98 49 69 50 30 19 74 72 95 29 43 61 59 67 27 7 76 14 5 52 19 37 41 32 71 32 73 19 49 50 88 7 6 13 7 85 83 80 35 26 43 28 74 84 51 67 53 36 1 85 9 38 51 47 13 35 86 78 44 27 80 24 59 51 
39 34 81 81 95 89 25 57 31 84 59 86 95 50 95 13 28 76 14 33 53 78 82 77 45 99 1 10 16 98 17 95 2 90 54 49 61 24 47 14 75 43 58 39 28 36 86 30 45 88 2 65 89 19 36 79 95 13 15 14 44 55 29 91 26 38 71 74 89 20 42 69 85 32 86 26 29 78 97 34 63 3 51 73 39 92 67 28 76 54 44 58 68 46 100 82 7 23 1 11 
96 52 18 49 67 90 12 67 90 58 67 30 90 23 50 1 60 18 70 30 28 5 98 100 37 89 6 68 2 99 93 29 77 22 91 7 56 75 89 96 48 61 39 50 98 94 82 3 55 86 43 81 12 62 42 40 6 99 91 43 26 8 58 31 40 1 41 54 13 26 22 79 50 68 26 77 51 14 14 4 68 46 20 74 23 73 60 87 15 24 70 20 59 37 87 66 69 57 56 55 
61 31 42 28 88 25 44 91 42 29 29 71 92 84 38 85 82 34 87 21 76 12 93 6 74 57 59 86 97 58 23 69 84 62 28 28 67 82 45 25 27 37 100 77 62 82 4 17 68 25 49 97 86 7 46 99 74 22 7 86 99 36 3 45 30 71 11 38 34 13 85 7 52 45 56 73 26 26 64 99 61 70 52 44 12 89 22 83 55 99 83 67 92 92 56 23 40 58 12 91 
17 100 55 16 63 49 6 45 9 95 96 14 65 81 29 65 7 35 13 71 73 8 59 72 43 88 82 30 49 43 71 27 89 50 84 29 63 89 49 89 82 68 86 71 81 50 28 37 61 87 83 67 17 81 58 18 60 21 48 55 22 59 80 25 65 75 4 73 57 25 4 10 93 95 84 2 68 17 84 44 16 86 31 26 34 66 30 60 99 55 28 41 50 52 50 42 5 78 83 37 
68 29 42 84 35 87 46 30 19 39 55 13 88 41 26 100 33 95 1 31 57 83 92 25 53 55 83 5 18 5 57 100 56 89 20 30 46 52 34 35 48 54 15 73 39 58 8 31 49 16 92 35 45 99 21 30 47 81 61 83 86 91 69 31 37 45 18 5 45 70 10 55 69 84 57 99 75 43 53 12 50 57 7 51 19 97 95 73 9 92 25 20 71 77 29 90 24 18 32 76 
89 13 72 51 58 31 33 35 48 30 41 70 28 63 1 63 80 100 98 30 42 66 99 99 49 97 15 92 92 74 13 48 20 25 22 42 13 49 43 39 20 61 52 47 72 60 88 1 71 31 49 28 46 29 26 44 71 88 48 14 9 34 98 37 53 10 65 37 100 4 6 37 33 67 37 47 65 25 30 30 48 48 5 55 49 59 40 88 65 86 12 19 40 31 44 62 84 9 44 71 
11 82 68 65 38 51 21 31 83 51 76 93 79 74 95 61 40 11 55 3 75 59 98 96 76 79 61 51 22 92 37 66 64 46 51 64 68 47 60 15 35 76 98 71 45 93 12 43 3 61 12 68 86 72 31 24 69 80 45 42 50 28 90 38 41 80 72 86 30 86 82 74 52 90 52 87 69 24 91 32 48 96 67 4 29 55 76 8 4 12 14 8 64 22 88 25 17 80 31 86 
76 100 50 9 98 100 45 3 20 57 35 10 85 90 96 71 48 10 31 8 20 73 2 36 73 8 87 88 65 26 47 96 7 53 34 39 30 25 10 23 77 40 47 17 45 62 62 4 28 95 64 75 57 74 99 79 96 52 43 49 16 78 30 22 97 41 4 13 99 3 28 93 100 23 4 86 61 16 51 11 36 44 81 18 80 43 47 40 29 21 84 52 30 48 2 9 68 24 65 34 
17 17 32 30 57 87 86 41 55 37 29 9 48 80 93 68 15 56 42 21 17 78 5 97 95 28 44 44 88 31 97 31 28 71 81 61 65 48 41 25 82 91 21 22 21 98 7 18 21 73 98 2 79 57 39 74 28 62 24 53 64 20 43 88 33 13 82 83 15 86 85 10 19 95 3 13 18 92 76 79 11 66 86 4 79 85 26 2 8 38 26 4 88 84 89 48 31 75 62 7 
80 14 41 26 12 81 70 87 19 85 48 56 99 95 25 87 62 90 2 19 7 65 89 38 92 80 53 12 47 5 38 43 6 6 34 87 96 98 72 55 80 33 78 12 24 96 56 18 82 68 79 22 94 97 38 39 21 30 92 67 68 35 10 15 55 44 24 5 35 40 75 70 70 60 92 32 55 25 43 74 6 11 100 98 96 72 54 94 66 92 30 30 42 42 66 84 99 34 75 45 
58 21 36 59 64 54 48 92 86 18 30 34 43 11 82 91 37 76 98 68 95 16 99 40 13 88 46 54 88 86 55 62 84 35 63 55 23 67 79 27 75 64 20 59 19 60 45 7 38 79 25 32 53 60 94 90 86 18 45 68 84 6 99 41 97 92 83 66 14 87 17 26 42 61 66 77 97 46 77 68 78 99 38 63 31 39 53 67 60 57 8 75 58 100 17 50 42 18 46 7 
17 67 66 4 33 94 9 91 25 93 34 26 97 2 60 80 33 72 46 17 31 11 72 2 31 7 83 52 22 87 18 35 56 53 66 34 58 64 7 81 92 22 48 54 100 39 4 76 71 77 82 5 88 42 18 46 30 31 78 100 73 58 52 77 68 98 60 79 53 49 40 1 1 51 46 84 50 38 34 51 38 1 5 89 46 52 25 14 63 40 49 69 23 35 24 38 68 83 25 92 
48 51 78 72 64 70 65 71 7 83 66 44 37 28 62 85 53 99 16 51 15 6 86 96 29 74 94 61 48 22 81 17 37 13 3 33 6 25 9 27 59 2 36 72 17 2 39 100 82 86 38 13 48 93 75 69 74 11 73 99 45 29 44 89 8 31 89 21 62 38 86 89 87 39 3 54 37 71 22 95 68 64 88 59 8 69 9 71 7 66 30 44 74 14 37 33 43 16 62 19 
48 87 3 85 70 90 8 55 69 11 100 94 7 39 54 26 79 66 16 42 35 7 86 27 63 91 86 64 52 62 66 49 21 58 78 99 45 63 47 42 93 3 69 72 23 94 8 53 92 48 96 43 26 86 43 57 17 35 85 90 42 76 35 7 20 30 25 38 79 50 72 60 6 53 24 97 5 93 73 61 23 48 17 30 44 3 61 13 50 54 99 41 46 18 52 62 25 15 97 2 
32 59 83 28 47 70 67 30 32 56 63 69 60 24 82 78 82 39 22 84 61 24 96 39 58 60 24 26 97 25 18 80 28 47 3 35 64 63 64 55 13 43 8 78 36 5 100 92 27 56 56 97 19 85 48 60 69 58 40 50 39 4 79 20 52 52 42 49 86 70 24 43 19 38 25 92 94 20 15 28 27 71 17 89 10 9 94 41 96 17 12 91 3 96 46 25 83 27 26 41 
88 65 87 27 14 2 54 22 22 59 75 36 91 45 7 3 29 100 48 10 85 23 4 16 49 9 81 24 93 13 72 92 86 82 1 94 26 45 82 20 89 16 64 91 26 57 18 88 17 30 52 82 11 45 67 98 82 51 53 68 87 25 79 21 45 95 45 57 76 28 91 15 70 14 33 55 96 30 96 72 24 35 95 98 42 4 38 85 53 94 70 2 92 98 5 25 4 3 9 20 
15 96 75 75 57 40 76 85 62 10 39 50 16 83 92 89 43 30 42 28 58 46 72 57 68 50 88 71 15 41 43 74 51 71 51 72 19 20 83 24 47 20 65 95 33 6 37 80 37 9 53 59 38 76 2 58 35 80 26 4 11 11 40 71 61 63 23 88 30 37 19 9 67 67 76 86 62 41 88 14 12 3 35 12 76 22 45 53 6 36 61 72 99 44 27 53 76 58 47 82 
53 47 15 67 3 41 97 12 99 82 74 28 85 62 38 96 69 85 50 13 93 81 29 98 99 72 38 85 24 98 66 80 21 34 9 15 25 13 3 32 88 31 95 86 95 48 32 62 91 2 3 2 30 29 52 15 75 91 39 90 66 2 9 54 48 82 39 60 72 71 28 15 50 46 19 35 14 39 39 67 64 72 96 6 51 75 68 26 40 97 100 14 49 74 25 18 57 75 14 67 
69 51 86 37 48 61 86 19 43 98 1 10 15 94 91 34 51 96 71 80 45 86 27 61 89 97 83 85 88 61 46 28 10 37 46 45 62 67 71 72 40 65 78 29 89 66 50 89 82 18 39 60 91 51 65 92 94 9 38 17 54 89 83 86 14 66 100 31 44 23 52 47 64 68 24 68 5 87 38 29 29 82 73 27 88 18 61 27 33 57 1 14 14 37 77 46 93 16 88 25 
31 91 43 95 60 47 70 84 95 84 95 34 71 80 92 85 26 12 97 73 69 9 63 16 73 86 83 35 92 56 74 32 30 62 96 18 78 26 71 69 4 55 25 81 81 85 34 5 5 58 59 30 31 77 73 70 45 13 59 6 46 34 73 63 34 24 33 44 89 77 36 90 51 59 4 98 89 19 25 3 35 78 4 92 2 26 35 64 60 60 31 34 88 11 86 71 42 1 45 94 
93 88 25 24 36 56 11 4 29 19 10 4 74 94 56 68 34 2 33 27 54 73 63 84 76 1 69 83 66 81 91 76 23 96 54 86 3 38 64 48 57 74 21 4 58 28 47 33 67 98 11 95 45 58 57 48 100 30 98 33 30 84 68 25 66 19 22 65 77 30 13 61 91 51 42 74 97 66 72 49 10 27 60 79 95 89 84 5 7 77 65 94 3 30 12 97 43 94 50 93 
57 54 79 40 77 33 44 23 17 59 36 68 26 79 62 28 76 5 83 59 10 33 53 81 32 36 91 42 100 70 11 73 88 99 21 32 59 58 21 7 21 26 76 67 11 31 51 69 6 46 63 75 48 40 95 50 74 88 12 98 79 81 67 17 92 21 69 78 71 5 79 81 54 17 66 14 54 40 43 31 47 47 4 5 53 21 48 99 99 99 85 61 84 41 94 11 7 5 53 78 
11 5 19 13 11 15 18 100 6 45 16 89 74 46 90 57 22 48 81 61 89 22 88 84 13 80 62 12 45 5 6 51 74 76 57 12 92 100 14 74 79 33 29 88 40 78 40 65 10 45 25 51 36 67 6 78 92 80 89 91 96 39 68 45 45 9 28 58 82 20 68 75 46 78 57 16 71 43 75 56 69 80 59 19 42 16 23 13 8 68 81 85 98 21 11 62 7 20 26 6 
71 87 38 100 10 31 69 100 82 10 56 76 47 73 82 89 25 48 94 10 78 56 96 13 31 5 47 63 4 33 57 17 65 45 46 68 99 60 85 77 54 41 9 97 17 60 47 62 45 38 13 55 45 68 46 93 85 70 87 67 40 93 18 30 80 7 84 60 5 85 41 86 53 69 34 53 14 25 94 10 72 100 6 88 49 16 33 21 34 95 16 80 84 90 93 54 43 47 18 76 
49 38 96 80 90 90 33 25 71 68 83 16 24 73 6 37 55 88 72 70 25 62 54 34 95 33 17 73 26 74 79 75 78 35 96 46 17 1 44 96 10 70 25 65 28 1 81 24 25 60 34 48 51 50 25 54 29 78 12 78 13 97 70 74 33 72 71 17 3 28 41 63 21 29 86 20 25 88 35 96 17 20 12 74 83 35 53 88 7 98 20 69 33 18 32 12 84 65 74 33 
55 32 34 89 20 58 52 18 30 74 75 87 83 72 18 41 37 93 33 3 4 79 38 20 25 15 5 22 34 10 41 69 29 74 72 20 45 86 60 35 7 31 46 57 66 4 80 12 9 100 34 96 96 27 78 8 41 86 37 91 4 15 63 45 94 77 70 32 6 91 2 86 96 63 60 56 74 85 17 28 4 64 88 86 52 24 44 56 10 73 75 32 20 45 86 90 93 64 18 54 
67 67 90 31 82 6 37 25 43 33 66 37 5 58 3 82 67 40 56 58 7 75 4 81 29 38 36 36 14 93 70 42 54 89 87 67 96 60 61 63 6 81 84 26 77 88 19 83 1 26 21 50 16 60 81 65 43 24 34 26 62 51 87 7 57 80 46 34 78 62 24 23 18 14 81 55 22 23 47 82 7 46 100 73 69 95 95 100 35 5 48 73 80 26 33 54 95 18 35 11 
81 42 49 88 99 62 85 30 62 36 37 59 32 15 9 10 75 46 9 63 72 75 34 69 60 38 72 6 45 22 14 19 4 33 69 60 34 39 50 56 93 61 71 85 84 99 80 55 53 12 86 18 50 68 3 9 2 71 75 48 46 32 59 18 56 100 80 31 30 8 74 20 53 68 38 57 3 41 32 69 68 89 61 88 58 10 48 29 23 9 48 23 2 100 33 43 23 37 22 22 
23 49 15 43 100 87 62 94 54 5 75 58 31 73 71 86 14 100 90 42 46 4 65 28 73 98 86 2 39 42 63 73 49 21 83 60 94 88 2 41 96 35 99 2 62 25 56 52 69 26 59 32 8 4 71 19 52 42 20 12 11 42 46 51 33 2 70 41 45 33 56 65 54 56 85 21 93 7 92 9 92 20 79 58 23 21 50 75 58 68 60 97 32 97 84 45 66 83 94 98 
75 88 58 91 7 10 65 6 37 76 95 45 89 34 60 21 17 40 85 69 40 25 46 52 97 98 57 70 29 72 58 52 79 48 9 34 35 54 27 93 13 92 12 69 23 32 96 93 30 35 66 24 37 11 9 50 54 71 17 63 1 93 13 31 38 9 17 35 78 96 6 91 57 80 65 81 87 30 100 89 41 19 15 97 53 7 31 70 92 39 52 52 22 18 36 2 3 63 57 90 
69 57 63 48 14 94 8 4 67 56 76 97 46 37 93 91 20 78 46 29 9 58 85 24 60 36 87 6 42 6 43 86 39 75 11 19 7 24 66 87 82 58 76 78 49 95 100 11 67 34 43 22 20 48 46 19 12 49 82 26 31 62 89 36 44 4 12 69 36 24 70 33 37 97 8 4 66 39 67 45 45 5 30 50 82 65 29 74 1 42 20 19 63 87 48 75 69 78 86 69 
50 16 18 39 74 83 67 82 62 40 100 72 6 65 2 85 29 62 3 13 11 20 54 49 1 73 76 28 61 51 71 96 36 15 12 57 24 41 99 33 41 69 5 32 58 76 41 10 76 89 3 83 59 97 61 19 26 77 29 46 96 54 57 1 34 9 89 98 47 48 38 44 85 68 91 87 10 45 13 14 79 95 71 89 52 75 63 41 60 17 2 2 43 70 89 13 21 77 93 63 
36 26 68 84 28 40 38 22 62 28 7 60 75 100 81 95 26 100 76 100 73 46 28 96 32 65 31 64 91 73 100 75 6 17 99 56 41 53 62 48 40 65 95 85 47 17 15 20 14 38 34 92 77 21 76 15 58 18 99 25 47 8 90 18 69 40 90 41 45 43 50 31 70 43 5 32 51 60 87 76 7 99 87 12 30 88 79 4 6 93 65 80 70 98 50 98 34 66 84 95 
35 46 24 63 35 68 84 54 60 11 81 96 93 49 9 73 34 69 80 2 94 66 84 19 54 55 97 77 99 85 50 9 19 26 42 25 16 91 98 75 21 13 23 40 57 95 26 19 73 43 58 34 29 1 65 67 2 24 91 75 31 28 72 20 17 83 33 25 19 17 33 62 30 77 3 91 74 1 14 41 1 25 56 51 88 38 40 63 98 47 24 5 19 15 90 3 62 82 97 90 
83 60 62 55 56 81 83 54 48 39 43 99 92 65 27 62 65 6 57 17 3 69 28 3 17 46 59 7 29 17 65 8 1 53 44 68 18 100 61 60 15 1 28 66 93 74 23 34 58 7 52 45 88 30 66 92 4 69 29 23 6 53 47 57 35 80 25 54 8 42 38 30 4 27 40 50 65 64 68 88 91 2 80 8 38 7 44 56 93 48 94 16 26 19 13 39 72 38 71 44 
66 47 85 44 2 41 72 38 11 79 86 72 79 28 19 2 79 70 32 37 50 99 7 58 64 37 76 78 24 5 68 72 45 87 44 69 30 79 36 87 15 95 8 89 2 39 27 2 53 25 7 64 9 14 4 92 76 5 16 91 4 47 86 82 4 2 57 97 31 62 60 96 37 88 32 68 100 73 21 53 12 10 48 28 98 42 44 70 63 45 16 85 83 38 49 91 20 60 41 49 
81 92 95 38 86 66 60 28 9 48 100 78 82 95 37 71 4 41 5 89 4 47 66 57 25 8 71 23 44 33 76 29 80 22 14 29 9 1 96 78 26 66 90 2 41 15 60 65 75 20 81 49 19 70 20 95 59 63 82 9 4 53 18 4 29 85 6 20 3 33 18 86 43 10 29 96 40 6 70 3 91 72 25 89 45 65 39 46 40 29 100 90 76 57 22 95 83 63 13 7 
6 67 69 6 78 11 79 69 44 31 27 69 25 3 5 26 93 22 19 43 52 81 27 45 81 75 82 82 30 22 99 59 40 5 64 57 81 87 18 37 92 60 91 70 76 71 13 16 55 60 60 49 7 7 56 59 14 40 60 68 19 8 82 20 33 17 20 73 59 33 82 23 40 56 26 7 72 79 56 22 31 31 98 45 46 79 62 27 19 17 21 13 24 87 28 73 92 37 25 87 
53 29 57 60 52 15 67 35 73 14 63 12 38 19 4 75 36 49 11 86 85 69 37 2 52 34 63 7 36 99 3 50 58 3 17 19 5 1 51 67 28 82 87 67 31 8 55 2 74 89 49 75 75 23 43 79 100 13 93 90 32 69 81 7 2 99 56 45 86 75 18 6 21 34 26 39 83 79 95 14 83 51 49 12 65 9 85 75 30 64 14 25 53 13 57 57 41 9 84 25 
28 31 80 49 54 70 36 51 73 14 40 28 51 99 67 86 80 18 37 79 29 83 44 24 53 94 29 61 92 78 2 20 42 94 81 12 1 74 95 4 93 58 41 12 22 53 43 95 51 77 84 6 50 74 82 76 31 8 34 67 98 28 29 29 84 24 4 6 57 10 61 38 83 91 88 93 9 10 9 43 22 44 10 61 68 29 83 73 64 83 12 14 68 64 71 30 18 46 38 64 
83 62 51 67 92 26 35 24 79 52 44 9 17 10 67 3 59 20 56 18 7 14 38 66 32 79 86 68 93 46 4 41 65 58 33 14 11 37 47 13 32 41 85 78 5 95 82 21 55 35 61 84 24 28 94 44 56 39 87 69 64 82 59 54 85 79 59 73 48 2 52 26 93 55 88 78 61 23 80 91 21 78 14 54 28 14 26 92 64 34 38 61 31 8 70 6 55 19 73 13 
52 28 18 54 85 92 93 8 46 46 62 44 12 2 46 53 41 33 87 13 38 98 23 83 43 10 32 94 10 19 98 45 18 90 48 43 24 58 96 76 58 17 58 73 16 73 46 9 29 41 33 100 28 85 81 12 54 7 80 70 86 76 52 54 18 26 83 34 87 15 44 32 48 22 4 25 46 76 55 61 40 58 88 69 41 58 38 68 71 51 55 45 7 96 33 63 4 75 67 18 
45 70 71 61 37 10 10 41 77 12 31 53 97 9 47 27 14 68 68 74 3 89 29 51 66 69 25 37 73 41 12 52 34 46 31 30 63 66 50 80 45 27 54 38 32 44 8 6 78 81 36 66 12 75 82 81 46 69 74 83 64 60 66 43 47 17 64 40 41 36 37 99 83 87 26 76 93 16 5 95 25 76 94 49 33 20 93 19 91 86 35 14 30 68 85 92 42 70 32 70 
95 69 87 42 50 3 97 98 73 78 43 38 76 17 77 7 83 72 48 100 77 87 87 50 2 65 88 58 6 77 14 38 98 78 20 40 98 39 9 81 7 12 61 74 13 80 43 59 53 43 33 25 37 27 31 86 52 51 36 54 80 90 77 68 97 42 24 90 80 70 84 73 7 36 73 28 15 61 2 70 47 46 5 46 3 76 19 23 36 26 89 56 10 9 6 61 52 4 90 3 
71 26 70 61 1 29 21 51 83 68 15 7 49 23 24 74 97 17 55 4 19 18 15 91 63 55 9 57 35 10 47 56 43 46 65 41 26 7 59 20 55 61 98 83 88 19 22 9 41 18 98 78 8 27 14 12 3 26 78 35 63 99 27 76 96 90 88 50 30 81 5 67 22 81 22 46 99 6 62 48 14 91 62 36 60 82 89 98 23 35 56 84 32 15 98 88 59 30 42 100 
71 65 47 47 76 50 9 23 34 29 17 71 92 4 41 75 37 41 17 18 42 51 13 99 12 30 32 67 23 22 20 6 23 2 15 72 66 73 1 46 90 90 23 85 80 37 88 66 53 2 74 63 8 16 99 49 21 16 1 50 37 71 66 97 69 68 68 83 39 7 91 21 38 63 92 55 9 51 75 23 96 19 8 82 34 27 51 78 22 13 16 65 15 63 44 68 2 39 41 40 
3 86 63 93 30 86 68 37 40 24 25 31 96 22 71 51 55 97 29 69 24 89 26 27 63 35 69 28 60 56 99 62 91 64 85 53 63 61 35 41 59 85 48 16 3 65 14 65 3 85 77 46 41 16 79 77 53 72 82 25 29 25 18 58 2 8 45 58 76 59 8 6 53 75 42 46 36 38 94 12 43 66 58 42 39 94 63 14 80 72 40 10 5 51 37 96 60 33 14 47 
89 12 44 22 63 52 24 96 100 96 8 37 26 98 93 61 94 24 1 59 68 89 49 79 27 74 2 31 18 9 57 94 67 88 67 10 95 58 30 47 70 95 14 12 72 56 50 50 24 72 19 59 5 49 41 37 79 95 27 79 23 15 86 15 16 50 73 9 51 47 16 23 38 51 80 97 58 96 53 30 59 4 47 51 39 38 34 24 25 52 97 45 19 83 69 3 27 68 25 20 
94 93 25 19 41 52 44 38 59 54 14 60 11 50 18 63 47 82 94 23 74 11 32 25 10 89 25 54 93 1 57 30 45 51 86 39 57 14 76 46 75 86 60 77 98 40 32 10 33 63 47 27 9 74 56 6 61 65 28 7 28 82 7 20 58 21 84 28 80 21 85 87 70 60 45 89 54 68 96 36 95 72 99 68 30 7 65 97 99 87 4 75 51 69 16 93 44 22 85 38 
46 21 83 81 1 96 35 43 23 32 20 75 95 53 46 81 46 73 18 33 13 47 66 10 62 91 92 78 48 92 77 60 2 30 54 10 87 26 55 100 23 55 46 48 20 66 6 14 75 71 52 7 85 21 14 70 38 8 50 95 69 10 38 95 8 61 14 75 77 2 13 87 24 64 91 70 23 51 78 88 52 63 3 67 30 34 100 62 2 77 72 83 7 12 94 51 100 24 50 7 
77 89 72 77 69 17 7 11 79 32 49 63 18 12 43 52 49 24 63 88 87 56 12 10 86 42 94 38 31 32 55 55 93 33 14 13 15 5 45 99 96 81 64 38 95 10 48 58 80 48 29 69 71 34 59 34 27 1 6 15 24 30 57 62 89 31 73 84 29 48 67 55 10 86 15 26 82 53 97 43 50 43 8 56 44 68 37 69 13 31 18 76 19 92 52 62 91 96 74 81 
23 70 63 55 14 84 82 38 92 97 7 48 83 63 33 81 42 77 78 19 21 61 2 90 33 60 8 75 89 22 89 73 53 91 98 98 35 61 68 67 11 66 62 44 100 10 87 18 43 48 45 13 53 4 21 68 61 41 28 86 31 87 45 100 24 96 8 77 57 18 58 41 10 21 18 88 80 67 44 41 5 35 8 38 11 50 21 27 43 75 54 31 27 82 60 9 47 71 93 3 
61 40 61 67 98 12 67 67 63 69 94 2 31 21 37 71 23 40 68 90 96 65 60 5 83 82 100 57 15 65 29 85 22 25 35 53 33 96 69 19 53 66 14 62 34 22 41 12 11 35 50 58 82 17 27 61 34 77 18 7 62 63 23 18 76 23 28 88 50 62 23 8 15 89 68 21 41 21 64 20 25 70 5 2 76 34 70 42 9 74 90 28 38 11 56 23 88 96 38 64 
61 24 62 91 8 18 40 86 52 100 21 76 45 36 28 3 63 84 43 49 95 61 40 99 35 59 44 76 53 58 19 80 59 71 26 48 21 81 34 69 19 38 30 19 77 71 30 81 41 67 100 73 80 74 51 37 55 85 39 12 55 72 45 45 79 52 87 46 33 26 5 96 67 84 77 14 23 94 44 63 17 51 2 64 8 33 21 2 16 3 29 23 47 82 38 7 1 50 56 14 
24 77 30 92 99 12 19 48 14 73 22 18 11 68 77 91 88 6 4 93 10 55 73 59 4 12 78 53 86 12 47 35 30 46 73 64 100 35 84 30 7 60 4 89 88 15 57 20 23 13 5 82 43 87 100 25 30 73 99 79 68 20 42 54 52 25 82 86 97 29 99 32 21 86 45 25 91 22 42 3 10 51 83 51 97 6 42 20 61 56 52 90 66 85 62 99 53 87 61 42 
26 35 2 77 4 38 27 49 9 18 71 19 39 70 52 53 67 20 31 30 26 34 40 62 37 55 63 29 86 22 65 25 7 27 91 50 64 9 12 26 4 100 85 69 33 99 10 87 94 69 75 35 12 96 88 14 87 6 4 56 37 35 68 35 1 78 75 22 74 48 53 27 22 90 96 44 73 87 11 51 93 93 45 36 72 14 8 3 31 46 15 54 20 15 100 75 15 29 62 94 
65 51 54 97 19 86 16 61 1 28 89 57 60 64 55 61 52 40 64 96 66 87 94 80 7 64 42 62 65 15 32 85 30 62 38 92 93 74 65 96 56 68 72 54 71 50 15 57 58 78 39 66 95 33 42 89 32 36 30 79 84 39 32 76 23 10 51 67 58 16 26 76 38 65 70 2 75 23 78 68 62 13 38 93 70 60 67 22 61 98 83 59 42 71 48 35 94 1 87 27 
2 99 93 90 39 97 50 32 71 83 63 60 90 11 86 64 51 41 9 14 17 33 10 33 62 78 34 57 23 29 31 11 59 79 24 85 16 55 59 48 99 99 60 19 4 90 89 75 15 10 79 55 89 7 72 46 5 28 51 90 80 100 87 68 43 75 16 61 21 11 70 64 12 1 95 57 24 12 79 27 77 40 27 93 56 35 15 14 49 52 23 79 67 72 11 22 77 41 1 48 
96 21 7 34 9 91 97 47 96 27 74 32 1 100 35 34 62 49 7 28 45 16 49 20 80 47 10 100 98 96 14 60 51 25 45 18 98 31 34 48 30 98 40 37 64 24 92 39 76 25 70 85 26 84 99 5 73 83 17 74 16 24 96 5 85 74 50 85 100 51 6 46 66 1 35 35 49 46 21 94 64 27 6 24 35 82 7 44 68 47 81 89 94 10 56 84 63 43 4 42 
14 45 21 14 34 99 1 58 88 64 16 79 21 99 81 58 24 75 14 44 76 59 68 97 65 32 72 85 39 45 76 74 48 11 50 86 28 2 66 9 22 12 7 26 68 33 69 70 29 55 64 31 6 87 66 21 79 39 24 87 4 49 90 37 95 40 43 86 71 1 80 68 74 53 96 61 55 5 71 25 59 82 36 57 61 79 89 30 27 47 34 95 35 71 22 94 50 24 46 93 
48 72 10 88 40 15 17 99 93 39 6 54 37 81 16 31 37 35 59 63 49 33 20 100 42 11 100 50 61 54 76 12 33 3 11 65 64 62 42 14 22 76 16 34 95 10 54 21 62 71 61 69 58 7 8 91 28 18 39 16 49 56 20 39 37 2 92 98 67 54 85 35 43 34 55 45 14 58 7 50 21 15 63 68 17 83 92 75 93 50 8 81 80 49 72 25 25 22 13 64 
84 83 20 17 51 23 4 78 49 14 67 31 97 79 17 55 62 99 68 17 62 25 31 69 37 25 58 46 27 33 22 10 24 9 33 36 70 25 95 30 68 65 30 4 35 27 99 35 46 1 6 76 22 33 80 79 41 1 7 72 2 88 18 93 10 88 74 98 53 78 12 4 84 98 27 64 69 36 68 83 28 59 41 65 25 20 51 55 94 99 55 56 66 24 90 13 42 12 32 61 
47 32 58 13 88 99 28 63 69 28 74 84 48 47 80 56 80 45 91 10 43 68 38 17 36 55 47 69 32 69 98 73 92 89 95 41 16 19 3 46 63 17 79 61 59 72 100 44 94 15 2 68 80 92 27 24 51 15 11 9 5 48 2 43 93 64 29 78 49 6 29 13 37 21 8 47 88 2 81 82 31 20 38 56 74 24 68 8 83 86 30 86 28 67 74 35 45 21 61 63 
9 12 81 55 77 18 96 81 43 9 39 45 23 35 4 47 72 10 39 23 29 66 38 92 13 12 15 72 44 8 39 66 71 17 9 89 63 27 73 76 76 25 57 2 27 12 95 85 2 64 89 45 16 65 21 26 21 69 29 98 74 21 66 68 80 1 63 86 33 19 49 88 52 54 29 77 58 23 93 53 33 100 70 43 32 49 85 65 19 88 24 19 20 4 68 60 30 44 97 43 
25 48 57 8 78 28 77 17 65 88 28 43 48 96 5 9 58 93 88 21 55 51 44 92 25 53 87 35 92 90 1 47 98 49 17 73 75 11 98 30 55 7 89 56 71 31 20 58 4 57 42 49 22 8 100 4 94 8 84 64 82 83 67 11 81 74 1 58 5 3 23 45 96 32 80 64 79 12 41 31 45 85 13 81 55 70 45 29 26 97 11 24 29 99 29 3 57 87 100 48 
14 1 54 82 20 64 29 82 51 85 69 23 46 65 20 18 38 53 31 99 17 92 35 99 68 83 50 46 42 72 92 62 22 31 61 84 52 49 80 31 15 89 36 91 69 73 66 72 63 32 82 71 55 18 14 48 20 37 33 93 44 93 75 69 60 90 54 56 79 52 64 6 11 32 82 79 37 97 76 26 35 21 22 25 93 13 54 67 11 71 19 83 68 98 2 4 40 39 43 54 
49 22 2 76 92 86 46 90 34 9 62 73 37 95 14 64 42 99 52 33 15 55 16 81 77 15 41 48 82 100 41 29 39 17 66 16 17 55 5 48 41 62 88 12 98 63 91 53 10 10 56 90 84 63 4 74 68 57 51 53 54 3 99 53 20 51 80 47 63 43 43 6 97 58 5 16 89 99 21 39 98 68 34 93 12 93 30 75 59 14 10 46 69 35 39 91 92 50 88 57 
13 54 40 4 39 82 14 33 26 76 44 3 37 71 74 3 9 19 47 55 68 99 80 60 15 19 15 31 48 24 21 45 31 89 84 73 29 3 44 82 73 34 100 8 19 73 15 56 26 40 76 71 7 37 46 70 58 77 56 52 79 64 96 84 57 14 99 70 61 35 33 91 3 9 68 79 28 37 54 27 28 56 43 11 14 98 44 57 80 32 90 23 33 10 53 85 80 30 76 7 
87 44 13 65 67 6 30 100 81 47 71 32 22 99 40 14 23 76 30 13 72 100 85 3 23 49 48 37 95 2 12 19 21 76 34 12 29 27 68 6 22 31 98 64 96 1 33 45 30 74 79 33 67 1 40 77 55 23 25 99 46 60 39 2 41 97 30 15 98 74 71 93 17 69 91 19 82 58 56 95 25 79 57 53 48 87 33 52 100 51 80 40 54 2 61 73 18 50 27 99 
57 13 63 51 68 89 21 68 89 34 47 9 26 97 10 18 71 6 34 61 51 69 28 4 18 54 50 76 17 95 99 28 38 10 71 85 2 3 49 92 4 57 12 27 80 43 75 48 72 74 24 60 66 30 74 38 46 14 45 74 65 44 6 9 50 32 25 2 39 3 55 10 28 87 27 40 96 53 39 66 36 8 19 60 100 100 74 99 95 73 95 92 50 88 66 18 48 39 59 56 
32 65 3 15 3 16 74 68 9 11 80 41 86 50 2 66 97 28 4 50 63 91 12 77 25 70 46 44 28 30 42 31 24 45 49 75 88 5 35 20 83 81 24 44 94 49 63 73 2 14 91 64 97 24 48 66 32 43 69 15 2 67 46 100 20 84 60 33 12 8 96 64 78 79 20 92 41 82 92 98 18 39 21 20 18 63 59 55 45 16 40 30 91 9 82 27 22 4 34 1 
57 51 47 55 47 33 68 5 90 59 82 16 9 65 92 35 28 66 32 63 68 9 23 66 94 84 96 31 60 43 45 5 78 88 13 42 5 60 24 78 77 90 33 28 68 6 61 36 38 53 33 98 60 58 98 70 56 16 2 93 58 87 26 74 11 73 89 28 96 82 96 48 55 49 44 90 18 88 36 92 73 10 88 29 45 51 64 67 100 65 21 12 98 38 96 79 32 92 9 78 
25 80 7 58 15 78 85 17 39 57 12 43 99 90 66 80 11 89 10 21 90 52 73 49 98 14 25 98 70 99 39 44 59 47 75 24 33 80 30 45 12 35 3 36 66 13 3 98 71 54 77 35 42 99 50 87 30 17 71 15 25 77 20 69 91 89 98 40 94 62 56 72 40 68 43 28 98 27 6 56 100 48 23 21 77 95 79 67 64 94 79 91 11 10 24 53 11 32 97 36 
57 62 43 15 91 75 53 82 30 85 84 18 34 17 28 64 98 93 61 53 66 45 45 57 86 14 31 22 37 46 11 52 98 83 39 53 94 32 41 67 10 65 18 66 6 95 26 92 17 79 29 68 27 82 21 91 21 69 89 57 12 57 66 1 37 25 63 83 72 59 99 94 98 85 22 51 7 57 35 36 59 39 85 24 36 100 43 70 65 23 13 33 13 32 8 71 35 24 73 100 
9 60 74 16 31 87 48 35 93 2 29 5 27 87 5 91 8 82 66 85 77 56 92 11 7 58 70 21 3 12 59 50 85 55 68 25 24 21 54 47 12 72 66 15 69 41 67 95 19 85 35 97 93 44 82 46 90 73 4 87 94 22 50 73 9 12 31 52 37 62 62 34 41 62 58 85 42 84 81 88 41 86 46 9 65 67 11 48 87 60 82 79 3 84 46 99 48 47 4 37 
42 53 38 5 87 80 39 79 85 59 68 11 75 9 15 99 86 65 75 53 17 51 95 79 10 95 46 81 35 96 46 29 56 72 76 87 83 50 24 34 78 16 12 31 48 30 78 51 27 83 73 55 28 62 57 11 99 19 92 30 60 40 3 16 6 58 13 5 56 80 20 94 82 98 69 37 16 6 22 22 40 91 43 67 96 25 30 72 71 49 54 47 45 9 73 58 33 19 84 34 
