1000 10000
57 37
35 46
1 30
88 26
96 49
17 34
32 27
71 40
26 4
58 17
34 30
24 2
18 47
97 1
66 39
48 17
7 18
2 21
85 46
29 33
93 29
85 1
57 15
89 37
1 36
27 23
34 12
94 44
48 36
98 45
77 17
71 34
17 31
50 4
65 39
67 42
86 8
54 1
31 25
33 5
42 35
57 32
70 38
58 24
32 39
100 38
59 49
40 9
41 23
15 42
64 29
36 20
16 40
10 25
16 28
84 37
62 7
84 7
12 39
81 23
26 11
7 45
35 17
50 42
85 47
39 40
46 16
28 25
20 7
33 23
71 28
21 45
47 37
34 18
99 48
78 30
14 10
6 18
51 39
56 26
44 43
43 18
8 39
14 11
96 24
18 11
42 20
46 8
3 37
56 30
71 43
49 39
45 50
68 46
2 47
42 44
21 40
96 45
90 18
99 19
20 4
22 41
3 34
46 34
23 34
81 16
64 27
92 16
82 40
10 42
6 28
38 5
62 11
20 8
42 16
46 15
89 13
45 18
28 19
17 29
62 43
63 39
50 12
99 18
7 50
41 16
55 18
38 12
31 36
42 44
43 23
64 24
19 29
74 19
9 1
57 6
71 12
74 44
84 49
17 28
89 18
97 49
75 34
51 10
56 13
87 20
6 37
40 37
51 33
5 39
8 17
42 50
12 45
62 28
89 3
78 33
3 16
75 39
31 8
19 8
13 50
34 19
17 25
26 48
39 2
44 7
33 25
83 17
77 42
48 36
65 24
65 18
74 35
83 27
1 9
31 23
20 39
95 17
24 33
70 46
65 11
100 24
60 21
78 7
44 50
36 3
2 31
73 32
56 14
94 29
46 17
35 27
99 14
31 20
60 45
19 9
81 16
16 6
85 39
41 18
94 15
86 24
33 16
77 4
47 16
75 16
2 24
22 22
34 27
100 36
13 45
8 27
35 15
54 41
1 41
30 50
37 16
18 35
11 46
65 30
98 32
71 3
85 49
3 2
84 1
51 28
21 38
82 3
52 48
75 46
56 14
90 22
10 48
20 17
82 47
66 48
59 19
72 35
88 23
58 17
17 5
44 7
35 46
58 26
93 34
60 16
91 25
79 34
63 13
12 39
19 8
30 1
82 31
2 43
49 6
15 11
88 8
44 36
8 33
39 30
4 14
33 15
62 1
28 30
57 39
99 33
51 13
27 31
67 28
47 30
56 14
22 24
42 24
80 44
53 37
90 19
19 26
60 19
94 3
10 44
66 9
10 29
62 6
12 3
45 37
98 42
53 22
100 50
67 46
83 26
16 7
61 38
15 38
46 19
88 49
36 3
94 5
76 35
37 8
75 26
57 36
72 1
34 28
26 5
23 6
16 48
67 1
1 50
92 42
7 11
17 3
15 16
16 21
60 16
14 35
66 14
82 31
50 11
18 33
4 12
28 9
100 9
6 25
14 44
54 11
88 11
2 10
10 34
6 30
54 22
74 13
89 33
95 12
21 41
59 21
35 9
32 3
29 2
30 46
100 35
14 10
27 47
8 37
6 16
8 5
3 16
84 12
18 29
91 21
13 26
20 18
43 28
1 23
39 20
77 1
26 40
57 45
92 13
68 47
30 10
1 49
16 7
29 37
94 45
96 7
83 8
99 27
18 31
41 31
42 42
65 33
1 25
72 20
19 2
61 48
41 44
1 9
87 24
95 8
92 33
24 38
62 45
63 16
82 9
22 28
10 25
19 1
87 44
57 20
26 24
68 38
88 13
33 41
5 5
33 50
10 50
35 25
12 44
56 29
62 23
43 43
51 15
28 26
27 31
4 48
96 7
80 19
61 42
29 27
85 50
63 38
56 39
3 38
42 29
91 16
27 35
39 12
38 30
3 27
18 20
13 24
42 46
85 20
27 41
78 38
83 21
52 18
51 36
98 45
39 35
20 37
63 13
90 10
57 31
45 15
55 14
65 38
59 6
16 42
9 22
28 8
41 42
67 37
64 13
28 8
63 12
10 38
4 13
48 18
79 11
72 11
13 29
39 26
2 8
50 13
75 50
37 1
1 13
59 46
94 43
85 50
87 37
4 7
93 50
99 26
34 25
91 22
10 8
48 47
59 14
61 31
13 4
46 15
68 17
31 22
42 37
23 34
100 34
23 5
98 36
62 43
71 3
1 28
83 25
69 35
84 10
23 32
66 49
52 5
57 36
75 17
37 19
89 33
78 10
42 25
83 31
76 36
21 32
38 39
27 19
38 6
22 41
62 14
47 34
88 16
29 5
20 10
65 33
61 17
84 41
35 50
92 23
12 12
90 44
83 18
30 36
42 43
99 13
8 1
90 29
64 12
54 7
33 34
19 45
80 40
52 41
87 38
83 44
24 49
60 9
24 10
45 17
19 26
8 34
55 1
26 42
76 6
5 18
52 49
58 10
28 30
11 30
34 5
96 39
50 14
47 12
10 25
53 21
89 4
72 22
44 13
40 19
52 45
33 48
10 6
79 33
85 36
44 41
39 36
62 10
69 3
43 13
48 19
49 49
20 45
48 38
40 50
47 39
56 30
18 49
69 37
22 18
38 34
93 32
51 50
67 2
44 45
75 28
48 7
64 6
4 25
81 41
51 48
100 23
31 29
85 21
60 48
59 49
71 26
77 33
74 34
60 16
81 48
88 18
63 7
56 8
89 48
65 1
100 6
69 7
93 24
62 49
27 33
69 17
85 6
40 4
16 34
89 14
7 15
94 7
60 48
61 4
56 31
19 6
68 28
49 48
90 8
1 43
73 19
72 9
32 44
96 39
99 15
71 24
88 11
97 18
27 32
19 10
39 14
24 16
95 6
66 46
55 22
58 19
35 4
49 17
76 30
28 10
70 49
54 41
31 7
27 44
66 2
1 4
22 31
20 3
52 13
42 3
62 5
69 30
66 23
94 44
54 11
47 33
24 18
16 49
24 4
30 35
44 25
78 42
90 34
67 42
33 45
2 8
15 33
44 45
1 33
46 22
37 26
40 32
55 50
23 30
13 23
31 17
73 30
40 29
79 44
17 26
18 30
77 45
4 33
63 16
10 20
78 21
52 16
38 3
59 35
97 42
92 17
44 27
62 36
12 24
14 46
61 9
56 23
95 9
82 13
95 5
3 23
88 3
38 10
70 20
24 39
56 14
27 48
70 43
74 24
38 4
86 41
79 13
3 18
53 25
86 31
96 20
45 50
35 4
27 13
2 1
56 24
23 9
92 2
48 45
89 12
19 21
3 36
85 1
39 15
41 6
5 45
8 48
29 5
99 20
73 33
56 38
84 9
11 24
23 41
26 4
18 39
94 13
30 22
74 22
43 11
12 13
42 31
31 40
46 8
84 1
67 36
64 25
65 15
78 10
54 50
49 15
15 24
52 33
80 26
61 14
70 46
42 20
28 14
95 6
66 47
71 3
44 50
19 30
11 44
61 27
97 31
100 33
8 5
61 21
3 14
25 35
59 31
27 11
26 2
55 4
39 30
37 42
87 20
19 19
60 32
82 44
16 47
72 5
56 35
17 50
88 39
33 46
68 24
100 42
22 34
90 47
88 44
9 39
98 45
8 1
53 35
99 12
60 14
50 34
23 8
45 33
87 12
19 39
60 39
11 42
78 37
23 31
26 17
59 7
18 6
33 4
68 27
98 17
33 22
74 27
65 20
51 1
35 20
94 46
67 49
42 21
51 19
31 20
12 42
26 38
85 1
6 45
63 31
10 14
4 13
52 39
53 38
82 46
52 19
97 40
10 4
38 33
56 42
95 23
79 22
55 10
72 3
71 25
59 47
89 46
25 1
83 4
15 45
21 21
77 10
37 22
59 45
74 37
3 18
83 28
84 28
43 11
82 16
73 21
12 38
30 47
47 31
51 7
59 42
22 30
63 15
10 15
26 24
89 27
89 2
59 19
24 20
100 17
67 14
1 9
78 6
9 45
93 5
56 16
12 22
93 18
56 6
98 29
79 43
84 16
12 19
99 16
15 22
59 29
51 10
24 20
58 13
40 40
95 30
49 16
32 49
22 33
21 20
19 28
55 15
88 9
48 14
71 2
5 22
94 43
15 20
70 2
3 12
8 30
100 47
22 15
98 49
82 5
18 2
75 20
11 50
53 30
12 36
51 10
24 34
73 5
35 48
59 24
10 11
31 46
9 50
81 9
50 10
37 20
59 38
99 3
20 29
17 30
44 9
29 49
66 17
34 24
10 15
92 50
87 34
62 37
54 39
1 32
2 10
53 41
2 20
67 47
39 29
26 8
31 39
29 19
79 35
47 27
21 16
18 16
22 40
55 29
90 26
70 11
74 10
82 27
77 30
26 35
2 11
70 37
15 47
96 29
62 31
93 7
72 25
52 34
73 38
4 8
47 19
12 47
34 43
26 37
45 43
84 16
39 43
32 28
6 46
66 38
21 16
6 15
67 7
79 49
52 34
13 36
51 8
56 6
11 24
21 40
83 18
28 1
37 12
88 49
