1000
561 726
348 915
6 594
872 515
959 975
169 661
316 528
701 788
255 74
574 329
338 583
238 30
172 928
966 19
653 779
477 336
66 342
13 414
841 907
282 651
920 570
848 7
560 286
889 729
1 702
262 452
337 223
934 872
478 717
978 885
767 336
702 671
166 605
497 66
646 768
664 826
851 144
533 2
306 493
328 97
413 692
562 625
696 754
576 461
319 777
994 751
582 976
397 177
409 449
142 835
633 576
355 399
153 791
97 492
152 542
837 739
619 125
839 128
115 765
802 442
257 208
66 887
347 339
494 838
843 924
380 798
450 316
277 499
197 135
329 454
708 546
202 881
463 725
338 346
984 954
770 597
130 180
55 349
503 760
553 513
430 852
423 359
74 764
134 203
956 460
170 219
418 395
453 140
23 734
558 585
705 841
480 767
443 989
670 913
19 923
419 875
204 790
954 889
898 353
988 367
197 73
218 818
25 678
455 674
226 678
806 306
635 537
913 300
811 794
96 831
55 545
372 85
619 208
194 156
417 300
458 295
885 252
444 340
279 363
166 572
612 841
624 772
496 224
982 340
62 981
407 310
546 353
375 224
307 702
411 866
421 452
638 466
187 571
734 368
88 3
562 101
706 221
738 863
832 979
161 549
883 345
960 972
744 678
509 190
554 245
861 395
53 724
397 735
509 656
48 762
75 339
412 997
119 881
613 542
882 43
776 651
29 317
741 766
308 148
185 143
122 989
334 361
168 485
253 959
383 35
438 124
325 495
825 331
764 827
478 706
643 474
649 350
736 692
821 535
5 166
300 457
195 774
943 333
237 657
695 915
647 201
992 460
593 413
778 136
431 982
354 52
11 611
720 635
554 262
937 567
451 323
346 531
981 277
306 380
599 883
188 163
809 317
151 100
842 778
400 357
939 284
858 464
326 303
768 69
462 304
746 311
16 469
211 423
334 530
991 711
124 884
72 537
342 280
531 810
7 803
294 991
364 300
179 687
106 908
640 591
972 636
702 56
847 960
23 25
838 16
509 541
208 753
815 41
519 943
749 901
553 263
898 426
96 941
192 339
815 933
657 947
581 365
711 681
872 455
574 333
168 82
430 137
344 906
573 503
921 667
594 317
901 494
786 673
621 244
115 765
184 142
298 18
818 606
14 853
484 115
140 207
878 153
436 702
70 641
388 587
39 265
324 291
616 11
279 592
560 761
984 658
503 240
267 616
665 541
461 582
550 274
214 465
413 477
791 878
529 729
893 373
185 511
594 373
935 49
97 870
653 164
93 567
618 118
116 48
443 733
975 827
527 420
998 991
661 910
827 513
155 125
609 746
143 744
453 379
871 961
354 54
937 84
752 683
362 159
741 515
569 700
715 10
330 555
253 85
228 106
157 946
662 8
2 996
910 838
64 218
161 51
149 304
154 417
592 303
137 683
650 274
814 606
495 209
179 659
31 234
277 160
999 173
57 492
130 872
538 212
878 205
18 198
96 666
57 587
533 434
735 245
886 656
941 238
203 819
581 414
349 168
319 54
286 35
295 914
991 687
134 193
265 929
78 733
56 304
73 80
26 311
836 221
170 575
909 403
128 512
198 352
429 549
5 454
387 762
5 250
799 562
882 914
243 678
927 296
182 6
967 152
136 282
730 937
886 959
131 822
149 982
527 175
614 400
617 416
829 648
657 8
493 711
395 188
29 606
946 400
872 3
176 860
479 947
147 919
649 231
750 617
897 628
301 814
175 211
556 97
495 184
16 865
865 566
396 258
475 679
751 870
245 321
817 43
84 320
987 99
981 341
481 117
871 555
572 610
456 421
845 505
285 270
502 266
619 39
955 953
134 798
373 601
839 289
523 848
997 627
743 552
776 22
759 410
563 906
306 261
693 382
235 378
592 22
528 170
386 127
475 419
900 842
386 265
806 773
755 827
417 512
357 505
704 978
887 380
694 199
730 629
248 896
197 560
600 441
286 541
277 649
748 583
109 153
826 85
428 271
140 405
836 661
729 638
243 271
156 628
221 92
749 31
259 475
342 788
200 713
213 127
571 386
502 17
151 498
248 740
989 366
9 6
256 584
919 934
858 843
997 864
732 33
129 928
987 986
507 333
483 900
420 95
152 477
937 589
268 609
602 125
64 459
284 678
330 302
424 413
724 224
677 991
673 229
80 974
709 610
853 708
42 0
546 825
495 686
697 836
193 221
633 656
966 519
93 564
703 741
331 362
372 880
643 774
181 416
484 820
613 758
700 209
630 370
773 267
378 372
111 215
817 612
267 469
677 870
313 280
95 195
185 642
640 603
331 831
818 344
986 913
441 111
239 890
873 822
340 290
703 415
857 983
258 79
15 890
576 634
226 536
134 325
665 185
898 794
795 510
810 865
742 825
877 234
969 596
170 238
192 440
333 188
501 75
675 546
9 258
835 759
112 47
359 512
963 575
193 271
580 101
586 337
83 957
778 495
277 467
237 92
496 520
409 886
75 712
434 438
245 397
364 515
883 324
959 94
113 780
657 845
707 439
809 382
710 612
186 685
41 423
258 470
379 482
965 195
898 478
753 393
982 468
773 558
593 174
968 687
729 215
353 372
663 920
634 508
989 669
30 433
893 744
554 477
125 632
106 33
482 803
813 502
956 993
455 300
575 840
418 597
957 582
968 701
518 769
649 737
664 597
314 803
959 877
355 629
134 553
146 882
946 646
9 998
111 686
130 924
462 611
962 261
647 682
335 844
109 397
65 153
675 882
274 64
295 938
132 592
949 608
76 552
613 183
116 678
551 488
947 898
144 9
844 728
363 719
173 318
864 958
771 982
289 702
466 871
214 968
342 265
639 189
189 384
269 234
313 943
105 654
908 549
430 570
369 340
63 489
323 756
598 272
190 698
964 539
813 308
133 269
862 650
20 5
78 213
607 196
54 516
240 417
52 616
87 686
595 655
440 936
875 532
200 468
654 232
357 153
977 237
78 296
697 437
483 777
836 898
664 663
821 324
883 17
154 147
649 435
892 5
656 453
422 364
518 394
630 540
983 229
594 128
459 300
323 721
585 394
572 789
861 160
506 176
595 761
891 37
659 621
316 98
384 775
412 516
301 377
57 584
692 967
820 915
336 439
533 614
707 117
479 134
908 609
163 554
453 941
161 813
252 941
90 23
445 870
43 374
181 699
389 233
779 552
260 263
952 690
850 733
464 376
67 859
819 787
250 25
349 527
492 851
611 952
386 441
984 341
78 269
258 19
2 555
472 221
177 913
26 473
882 884
222 184
401 26
712 840
13 384
293 405
102 40
888 72
952 284
99 980
389 723
645 555
740 835
174 108
461 223
804 251
72 172
762 934
243 297
427 736
420 422
213 110
247 412
611 309
785 452
143 837
3 666
709 637
485 646
292 778
186 538
986 482
299 142
467 513
644 790
501 608
273 698
909 414
399 271
264 944
116 659
920 705
55 435
994 188
586 108
876 606
538 964
600 995
643 71
99 604
401 23
262 246
682 581
617 262
200 254
30 548
62 384
587 360
830 869
392 188
368 591
621 819
867 156
939 713
96 552
699 164
983 874
767 326
912 675
466 998
834 212
663 898
929 874
873 87
773 979
892 78
15 525
698 981
225 592
263 498
661 228
159 449
659 869
238 185
770 597
766 108
830 778
721 221
606 258
324 586
132 171
119 329
71 675
538 971
330 322
425 732
528 645
397 502
11 341
381 930
907 662
966 413
417 507
373 306
386 118
823 253
758 841
14 55
891 627
609 98
266 33
249 513
767 523
756 811
917 515
374 960
797 90
76 372
645 552
832 942
443 782
426 540
189 717
46 702
499 581
935 887
904 249
7 828
68 146
890 207
418 768
183 367
438 587
893 737
736 24
353 822
559 839
542 420
204 812
309 720
410 119
759 295
922 463
611 507
130 583
830 216
587 628
299 97
289 256
461 881
531 882
36 588
367 237
387 992
333 668
276 3
163 777
110 86
896 929
92 550
302 116
437 929
345 557
118 975
568 787
859 834
316 111
376 987
305 142
435 587
563 501
197 237
392 573
242 395
786 948
598 489
301 312
970 210
647 203
387 186
552 549
291 877
169 475
272 709
30 46
439 930
843 149
395 694
33 26
232 75
587 990
937 213
288 975
963 815
94 174
34 741
388 102
998 525
584 110
713 500
189 230
677 726
82 346
946 581
470 96
217 304
903 84
999 800
174 496
194 366
397 583
756 985
51 193
572 168
591 433
168 287
979 655
337 338
479 93
295 916
982 867
670 612
728 533
767 5
633 11
190 527
810 11
384 667
925 382
560 257
147 304
762 288
362 784
684 462
535 205
319 176
312 211
785 542
578 895
505 691
216 737
187 811
528 761
595 255
696 18
218 690
730 143
921 952
568 614
601 926
126 711
493 510
679 729
751 34
147 465
371 112
931 332
842 252
737 444
859 836
300 388
851 314
552 57
912 656
747 209
309 51
285 666
135 785
975 519
673 128
704 505
155 557
114 109
470 200
790 829
341 273
9 367
228 873
975 479
310 606
760 88
738 828
237 278
985 414
100 384
649 87
608 283
148 114
591 555
334 260
738 512
342 824
179 387
170 256
867 842
773 160
278 32
261 804
865 842
274 425
33 178
978 907
26 778
820 603
464 778
739 747
445 653
468 30
283 255
920 274
388 567
795 591
556 950
171 716
406 235
538 432
293 416
285 827
527 140
700 68
684 911
960 265
930 580
354 146
815 331
349 732
419 319
822 971
322 117
638 616
716 886
511 565
557 353
192 789
269 849
772 794
29 828
978 119
69 582
183 704
382 915
842 355
127 368
110 654
647 251
211 856
836 364
143 643
224 858
13 234
831 583
612 632
880 942
374 900
472 185
473 330
224 180
219 314
196 508
173 934
524 139
298 588
526 82
249 389
669 766
568 632
882 471
842 702
479 6
816 450
865 608
50 566
560 282
646 701
448 649
688 299
675 239
359 658
31 557
171 436
56 773
5 764
430 152
197 783
108 400
470 240
877 197
441 754
239 320
176 692
511 275
153 633
579 36
520 867
41 254
884 408
275 574
982 273
470 705
668 528
258 631
456 122
478 207
171 280
354 960
558 966
328 98
636 323
16 172
510 903
68 253
157 188
637 935
25 575
246 715
231 767
930 909
944 111
311 537
731 168
93 907
964 672
770 614
357 530
585 737
131 918
267 592
94 439
805 147
800 832
692 531
676 919
735 510
690 589
334 250
519 738
643 191
66 492
323 904
262 658
595 701
850 601
561 817
887 7
872 971
311 880
701 796
473 404
386 70
667 243
939 827
435 925
342 305
360 526
33 851
352 91
202 139
368 478
416 805
865 58
348 441
198 31
508 96
487 645
272 140
173 73
776 516
559 681
498 376
614 7
95 934
872 335
109 461
89 682
708 84
512 398
356 681
339 808
510 47
388 172
115 849
742 808
313 928
633 937
849 906
509 258
496 198
782 646
809 259
544 935
456 674
429 279
844 119
383 77
219 712
840 968
115 838
321 309
658 668
558 746
13 10
84 529
223 885
355 913
815 608
535 893
922 856
721 469
987 971
220 317
168 666
275 212
585 449
47 933
269 221
435 174
475 624
240 490
347 278
704 928
23 439
861 635
85 450
247 259
288 703
161 274
842 467
235 311
962 64
477 974
404 657
877 605
431 211
626 978
571 537
314 311
743 274
445 460
131 5
516 929
775 167
847 283
452 978
419 598
141 401
265 112
619 509
880 852
201 313
523 498
536 638
841 223
906 957
155 831
589 16
165 251
265 856
34 862
351 975
643 323
68 771
615 138
760 801
257 558
376 789
82 571
410 303
21 460
197 739
23 231
667 97
244 696
908 764
937 574
422 607
224 907
858 640
214 294
245 581
572 444
881 564
13 370
393 420
794 523
965 533
827 764
217 197
818 369
4 580
641 24
148 71
111 757
773 576
232 520
368 908
167 667
249 637
732 476
13 884
798 978
204 315
892 277
437 637
754 208
463 967
763 538
208 816
998 394
471 850
569 366
869 763
554 398
156 62
498 725
960 855
400 586
495 664
702 93
591 233
800 806
143 198
555 222
100 594
791 889
685 43
74 683
627 698
676 544
18 757
564 391
520 866
86 860
358 376
436 868
65 100
61 53
295 155
746 709
798 729
234 873
304 4
580 81
84 2
59 537
740 31
830 548
891 844
604 67
553 592
51 10
421 147
190 447
354 316
423 718
160 979
720 499
639 154
416 996
634 792
431 585
827 570
812 969
224 981
365 539
567 609
463 729
774 272
97 544
784 514
114 613
143 460
498 76
317 352
803 735
986 182
616 515
645 895
885 177
989 361
130 332
302 608
959 92
615 415
198 391
691 13
961 998
288 14
452 730
811 561
307 416
877 338
569 687
940 322
501 223
395 727
351 474
645 786
524 796
582 759
119 370
565 509
634 733
672 229
543 467
584 498
951 292
296 156
122 154
151 53
94 805
320 281
829 501
97 3
352 199
475 725
791 139
608 28
71 647
945 581
485 41
325 501
476 333
855 8
914 525
821 617
851 78
611 605
982 240
892 105
149 92
922 385
152 19
395 498
251 99
821 399
16 390
660 444
965 628
889 842
60 881
583 878
762 594
306 553
569 144
824 628
10 183
128 308
256 822
929 609
161 982
972 843
393 509
447 324
849 55
11 883
526 121
2 448
767 941
611 763
63 177
387 337
356 168
198 323
735 666
724 299
268 538
774 804
955 611
321 769
646 548
81 365
25 840
591 375
70 544
487 414
728 765
736 473
468 99
836 46
